1 1
2 1
6 0
7 7
10 7
15 1
16 1
25 6
26 5
27 3
32 1
36 5
42 0
45 1
53 1
56 3
57 0
62 8
74 5
77 0
88 1
90 0
109 1
112 1
119 1
122 1
123 0
125 6
126 1
127 1
129 0
135 8
138 0
145 7
150 5
152 7
153 7
154 6
155 8
157 3
161 8
165 0
169 5
173 3
175 7
176 1
177 3
179 0
183 3
186 1
187 6
188 1
189 0
193 8
197 5
199 0
202 1
205 1
220 0
224 6
227 1
233 0
236 1
237 7
239 3
249 6
251 5
254 7
270 1
273 1
281 0
283 0
286 6
289 7
294 7
306 1
323 1
326 6
334 5
336 7
339 3
347 6
350 6
352 0
359 3
363 7
364 1
369 1
377 5
384 5
387 6
389 1
391 7
393 1
398 7
402 0
405 0
411 0
420 7
428 1
430 8
432 1
451 6
458 7
463 0
468 0
469 7
471 3
475 8
476 5
483 0
488 6
502 0
504 0
507 8
510 0
511 1
524 1
525 6
535 3
537 7
541 1
545 7
548 5
559 0
560 0
561 1
562 8
564 0
567 8
568 1
579 1
582 7
583 5
585 8
587 6
588 6
590 1
600 0
601 8
610 8
611 7
612 1
613 1
614 0
624 3
625 6
629 5
632 7
635 1
639 5
649 0
681 3
686 3
701 0
704 8
706 1
721 6
727 7
737 0
741 8
752 0
758 7
766 8
767 3
770 6
782 0
786 8
802 0
805 5
807 6
809 5
810 0
813 3
822 0
826 8
828 1
830 0
838 6
840 1
848 1
849 0
852 3
854 6
862 6
864 0
872 0
880 8
891 8
896 6
914 6
915 1
921 6
927 0
928 3
930 7
934 7
936 1
941 5
944 3
948 7
950 1
981 3
988 3
1004 7
1012 0
1015 3
1017 6
1020 1
1023 6
1040 0
1043 1
1055 5
1057 5
1071 7
1073 1
1084 0
1085 6
1088 3
1092 8
1100 5
1103 1
1109 5
1119 0
1125 7
1126 6
1128 5
1133 3
1136 3
1139 0
1140 1
1141 8
1148 7
1158 7
1161 6
1165 7
1170 1
1176 6
1179 7
1183 8
1184 0
1185 0
1187 0
1191 6
1199 3
1201 1
1203 7
1207 0
1212 7
1215 7
1220 6
1221 7
1223 1
1227 0
1234 0
1235 1
1238 7
1239 8
1241 1
1245 8
1250 8
1256 7
1258 0
1267 0
1283 0
1284 7
1290 1
1291 0
1297 7
1303 7
1306 0
1307 0
1313 7
1315 7
1323 8
1338 0
1339 7
1365 7
1372 0
1380 1
1385 7
1390 1
1393 6
1394 1
1396 7
1417 3
1418 1
1424 0
1444 0
1452 8
1454 0
1459 7
1460 3
1461 5
1463 0
1468 8
1469 7
1475 0
1489 7
1501 0
1506 8
1510 5
1511 5
1512 8
1519 3
1526 7
1527 0
1529 6
1534 5
1551 1
1553 5
1563 6
1567 3
1569 7
1576 0
1577 7
1580 3
1593 0
1594 0
1596 6
1598 0
1603 5
1616 8
1623 7
1629 0
1633 1
1637 6
1646 6
1654 7
1666 7
1669 1
1670 0
1674 0
1684 0
1699 8
1706 1
1709 0
1713 3
1719 3
1724 1
1732 8
1737 5
1738 7
1742 7
1745 0
1753 0
1760 6
1761 6
1763 8
1767 1
1770 8
1771 8
1783 7
1784 7
1793 0
1794 8
1801 3
1804 7
1808 7
1812 0
1814 7
1824 0
1833 7
1841 5
1843 8
1852 0
1857 7
1872 0
1876 6
1884 0
1894 7
1901 1
1905 7
1906 1
1909 7
1910 7
1913 0
1924 8
1926 0
1932 0
1934 7
1937 7
1954 0
1971 0
1979 3
1981 0
1983 3
1994 8
1997 7
2005 1
2008 7
2017 3
2021 0
2023 1
2025 5
2032 1
2034 0
2038 1
2039 1
2040 6
2045 7
2049 7
2054 3
2061 1
2066 0
2067 1
2071 3
2084 1
2087 0
2089 3
2092 5
2095 3
2098 0
2115 6
2121 0
2128 8
2130 5
2131 7
2137 5
2142 0
2144 7
2157 1
2159 6
2160 8
2164 5
2165 5
2174 5
2185 1
2192 1
2195 7
2220 8
2225 7
2229 8
2231 3
2243 7
2244 7
2248 0
2272 8
2273 1
2280 1
2291 0
2298 8
2300 7
2302 1
2304 7
2313 1
2318 1
2331 7
2337 5
2341 0
2347 1
2348 5
2353 5
2364 6
2371 3
2372 0
2377 0
2379 1
2396 7
2398 3
2401 0
2409 6
2410 3
2412 5
2413 0
2420 0
2424 6
2425 5
2426 8
2427 0
2430 7
2431 1
2433 1
2443 5
2448 1
2457 3
2459 0
2461 7
2462 8
2465 7
2476 0
2478 0
2487 8
2496 1
2506 1
2508 1
2510 6
2511 1
2515 7
2517 6
2519 6
2527 5
2530 5
2536 6
2541 7
2557 0
2560 7
2561 0
2562 5
2568 1
2578 0
2589 0
2591 7
2592 8
2598 0
2601 7
2603 8
2605 6
2612 7
2623 6
2625 6
2630 1
2645 1
2647 7
2656 1
2658 8
2660 0
2662 0
2664 1
2670 8
2672 7
2674 6
2675 0
2683 0
2692 0
2695 7
2696 5
2706 1
2708 0
2716 7
2728 1
2730 3
2735 8
2737 0
2740 8
2742 0
2744 0
2749 8
2750 7
2753 1
2754 8
2760 0
2770 5
2772 0
2782 5
2789 0
2791 0
2793 1
2799 0
2800 1
2801 7
2804 0
2805 8
2810 6
2812 0
2816 0
2821 7
2830 7
2835 7
2838 1
2839 7
2841 1
2850 3
2857 8
2859 0
2872 6
2876 5
2879 8
2890 1
2908 1
2909 6
2918 8
2924 6
2927 0
2932 0
2936 0
2939 6
2941 6
2946 0
2949 0
2950 0
2953 1
2958 1
2963 3
2969 7
2974 8
2976 7
2991 1
2994 1
3004 6
3007 1
3011 0
3014 1
3015 3
3016 5
3023 1
3024 0
3028 3
3029 7
3040 3
3043 5
3049 0
3053 0
3054 7
3055 3
3060 3
3066 0
3069 3
3074 0
3076 0
3084 5
3088 1
3089 7
3096 6
3097 1
3099 1
3112 7
3114 0
3118 0
3119 0
3123 8
3124 3
3135 7
3142 1
3143 1
3153 3
3154 6
3164 0
3179 1
3181 0
3184 0
3187 3
3189 7
3191 7
3192 6
3196 0
3204 0
3211 0
3212 1
3222 5
3228 1
3235 0
3244 8
3245 0
3254 0
3256 1
3277 0
3278 3
3284 7
3286 5
3289 5
3295 0
3315 1
3327 1
3330 8
3335 0
3341 6
3344 0
3345 1
3352 0
3358 7
3364 7
3377 7
3380 8
3391 5
3396 3
3418 7
3419 8
3420 3
3424 1
3431 3
3436 0
3437 6
3440 0
3441 0
3451 3
3456 3
3459 3
3461 5
3470 6
3475 5
3485 1
3491 3
3494 7
3500 6
3501 1
3513 1
3516 8
3517 0
3525 6
3526 1
3537 1
3539 7
3563 6
3570 0
3573 7
3581 7
3585 0
3587 7
3589 6
3591 5
3599 7
3600 1
3602 1
3606 7
3608 0
3624 8
3626 0
3636 6
3641 3
3642 8
3648 1
3670 8
3672 1
3678 1
3687 7
3688 7
3700 1
3710 6
3715 7
3732 7
3738 8
3747 3
3748 3
3749 5
3751 3
3757 7
3764 8
3768 7
3776 7
3779 1
3781 1
3786 0
3789 0
3791 0
3794 3
3797 7
3799 3
3805 6
3809 6
3812 8
3821 7
3833 6
3840 1
3845 0
3846 1
3851 1
3853 3
3865 6
3870 5
3877 7
3878 1
3882 1
3887 1
3891 0
3892 6
3898 8
3903 0
3904 8
3910 5
3915 1
3917 3
3919 7
3920 7
3922 1
3925 7
3928 1
3937 1
3938 0
3949 3
3950 8
3954 1
3970 7
3979 0
3986 6
3992 1
3997 5
4001 8
4003 8
4011 1
4014 0
4019 3
4023 0
4035 6
4038 0
4044 3
4047 1
4051 8
4058 7
4060 0
4074 3
4082 6
4089 5
4096 0
4105 6
4107 7
4110 5
4121 1
4123 6
4134 7
4135 3
4138 0
4144 6
4146 5
4150 1
4157 7
4166 5
4176 0
4183 0
4192 0
4207 8
4209 0
4218 7
4221 5
4231 7
4238 7
4239 0
4242 0
4245 8
4246 1
4249 0
4262 7
4282 0
4285 7
4295 0
4300 8
4304 8
4311 0
4313 8
4314 0
4317 7
4324 6
4344 1
4351 0
4352 1
4354 1
4355 3
4360 1
4364 1
4367 0
4376 0
4377 6
4388 5
4389 6
4391 6
4394 7
4398 0
4400 7
4417 6
4420 0
4423 1
4425 0
4433 7
4436 1
4440 6
4443 1
4445 7
4447 7
4451 3
4453 0
4454 1
4455 0
4457 1
4460 7
4466 8
4467 3
4473 1
4481 5
4482 0
4484 5
4486 3
4491 0
4502 8
4505 1
4506 7
4510 7
4527 7
4536 1
4544 7
4545 1
4547 3
4554 7
4561 7
4566 1
4572 3
4576 8
4578 1
4582 7
4585 1
4596 6
4599 0
4607 1
4611 8
4612 1
4623 1
4625 1
4626 3
4634 0
4635 3
4644 6
4645 0
4646 8
4655 0
4656 0
4658 8
4662 3
4667 1
4674 5
4684 1
4701 1
4705 7
4707 7
4710 7
4714 7
4721 0
4724 8
4729 7
4735 1
4736 7
4741 7
4753 7
4755 0
4758 8
4770 6
4772 5
4773 7
4775 1
4783 1
4793 7
4814 3
4816 0
4828 8
4842 1
4844 3
4851 8
4863 8
4878 3
4881 6
4885 7
4887 5
4896 0
4903 7
4913 1
4914 8
4916 8
4919 0
4927 1
4941 0
4943 7
4946 6
4949 1
4951 6
4953 1
4954 5
4961 3
4962 7
4963 5
4964 1
4966 6
4971 0
4975 8
4981 7
4983 1
4990 3
4991 0
5002 1
5017 5
5025 6
5027 7
5038 7
5044 7
5048 8
5051 7
5053 5
5061 7
5063 7
5064 0
5072 5
5076 1
5078 8
5081 6
5082 0
5086 5
5088 5
5096 0
5105 8
5106 5
5107 5
5112 1
5116 7
5121 7
5126 7
5128 5
5141 7
5152 3
5156 3
5159 6
5160 7
5162 5
5181 1
5183 5
5184 0
5186 1
5189 0
5191 1
5192 5
5195 1
5212 7
5213 1
5217 8
5223 6
5232 1
5238 0
5249 0
5252 0
5253 8
5261 1
5262 8
5266 0
5270 3
5271 1
5273 8
5276 7
5278 8
5288 3
5296 0
5299 0
5303 3
5305 3
5308 6
5318 6
5319 5
5323 0
5330 1
5331 0
5332 1
5343 0
5344 1
5346 0
5352 1
5353 6
5361 6
5363 7
5366 7
5368 7
5369 3
5376 6
5377 8
5381 6
5388 1
5392 1
5398 6
5400 5
5401 7
5411 3
5420 1
5421 3
5422 1
5433 1
5437 1
5449 7
5456 6
5461 1
5465 1
5468 0
5471 0
5479 5
5482 8
5484 0
5489 6
5493 5
5496 1
5500 3
5506 0
5509 3
5511 1
5512 1
5516 0
5519 1
5522 6
5524 1
5530 0
5545 5
5549 0
5550 0
5553 5
5557 0
5560 7
5567 1
5569 1
5583 6
5587 0
5589 0
5591 1
5592 5
5593 3
5598 5
5605 1
5616 1
5633 7
5641 8
5642 0
5646 3
5650 1
5656 0
5657 0
5661 6
5668 1
5674 7
5675 8
5676 7
5689 6
5690 3
5700 3
5703 0
5711 6
5713 5
5718 6
5719 0
5720 5
5729 3
5731 1
5732 8
5734 3
5746 0
5749 3
5750 8
5767 7
5769 1
5772 1
5775 0
5779 7
5780 3
5785 6
5807 8
5813 7
5815 7
5817 0
5819 1
5823 5
5830 3
5831 1
5832 3
5835 8
5837 3
5844 7
5851 1
5857 6
5858 0
5860 1
5862 0
5863 7
5864 0
5868 1
5875 8
5890 7
5893 1
5895 1
5898 6
5905 3
5906 8
5907 6
5913 0
5917 1
5918 5
5923 1
5927 7
5929 8
5936 7
5939 1
5940 7
5943 7
5951 1
5952 0
5954 0
5955 0
5957 7
5963 5
5966 5
5968 1
5970 3
5978 1
5984 0
5985 8
5986 8
5990 0
5996 7
5998 7
6002 1
6007 7
6008 0
6009 7
6014 5
6020 1
6028 0
6030 5
6035 6
6052 1
6060 5
6062 0
6068 1
6069 0
6070 5
6076 7
6086 8
6092 3
6099 8
6100 3
6102 3
6111 1
6113 0
6117 7
6118 6
6120 1
6131 3
6132 0
6135 5
6139 8
6140 3
6146 0
6151 5
6153 8
6159 8
6165 0
6168 7
6170 0
6177 0
6184 3
6188 0
6199 5
6210 0
6216 7
6218 7
6226 1
6229 5
6230 0
6233 1
6234 7
6239 7
6242 0
6244 1
6253 3
6258 1
6263 5
6264 1
6272 1
6274 7
6283 7
6294 6
6298 7
6318 1
6323 0
6332 5
6334 0
6335 7
6340 3
6347 1
6350 6
6354 0
6356 1
6369 0
6371 1
6372 7
6375 1
6377 3
6390 0
6391 6
6392 0
6394 5
6395 6
6401 7
6404 5
6405 5
6407 8
6410 7
6413 1
6416 6
6417 6
6419 3
6428 0
6435 8
6447 6
6454 6
6462 5
6463 6
6468 8
6470 8
6473 6
6488 0
6497 7
6500 6
6515 1
6517 6
6518 0
6525 1
6526 6
6528 7
6529 8
6534 1
6535 7
6543 0
6544 1
6557 5
6575 3
6584 5
6591 7
6592 6
6601 7
6605 7
6608 1
6617 0
6627 8
6630 1
6632 8
6634 0
6643 1
6644 1
6653 7
6655 7
6680 7
6682 0
6696 7
6707 3
6708 1
6713 7
6722 6
6736 1
6737 1
6743 0
6754 6
6773 8
6781 3
6792 7
6793 7
6826 6
6835 1
6839 7
6842 7
6850 7
6855 5
6860 0
6866 3
6877 7
6881 8
6892 7
6907 7
6921 0
6923 0
6937 1
6952 0
6958 3
6959 1
6962 6
6963 0
6966 7
6971 1
6982 3
6983 7
6998 7
7001 6
7009 0
7015 0
7017 3
7026 0
7032 3
7033 7
7034 6
7035 7
7038 0
7048 1
7052 7
7054 7
7069 1
7072 3
7080 1
7082 3
7083 8
7084 6
7089 0
7093 0
7094 3
7102 1
7127 1
7137 6
7164 3
7166 0
7173 1
7176 1
7177 1
7183 0
7185 7
7199 1
7201 7
7203 0
7206 7
7208 3
7209 0
7214 1
7217 0
7222 8
7224 5
7229 3
7238 1
7259 5
7263 0
7267 6
7270 3
7276 1
7291 7
7294 8
7299 0
7307 5
7312 1
7313 5
7315 6
7316 6
7319 3
7326 1
7327 0
7332 0
7333 7
7334 8
7337 1
7342 1
7346 5
7348 6
7360 0
7363 0
7365 7
7375 1
7378 1
7380 0
7391 1
7395 7
7398 3
7407 7
7411 5
7415 1
7419 1
7426 5
7429 3
7431 8
7434 0
7452 0
7459 7
7473 6
7477 0
7481 6
7489 5
7495 1
7499 8
7503 1
7504 0
7511 0
7519 5
7521 0
7528 0
7532 5
7542 0
7555 0
7556 1
7560 3
7561 8
7568 7
7574 7
7576 0
7579 1
7581 0
7582 7
7585 7
7595 7
7597 1
7607 1
7613 7
7625 7
7626 7
7629 1
7631 0
7638 6
7641 7
7642 7
7645 1
7654 0
7660 0
7666 7
7671 5
7679 3
7685 3
7687 1
7692 1
7698 1
7714 0
7715 6
7722 1
7724 3
7730 8
7731 0
7734 5
7735 1
7737 8
7738 1
7740 1
7743 7
7746 1
7750 3
7754 6
7760 1
7767 7
7781 7
7784 0
7797 0
7798 7
7799 6
7810 0
7814 5
7815 3
7818 7
7830 7
7833 7
7835 5
7851 7
7856 1
7859 0
7870 3
7871 8
7874 7
7877 0
7885 7
7893 5
7896 7
7899 6
7903 7
7906 5
7908 3
7910 7
7913 1
7916 6
7920 1
7925 0
7929 0
7932 5
7934 8
7945 7
7949 8
7954 7
7957 7
7961 7
7962 0
7965 0
7970 0
7978 3
7980 1
7983 1
7991 0
7996 8
7999 5
8001 1
8002 6
8013 5
8023 0
8030 5
8040 3
8041 5
8043 0
8045 8
8053 6
8056 5
8067 5
8068 7
8070 8
8071 6
8076 7
8077 0
8080 7
8089 1
8091 6
8099 0
8103 1
8107 1
8108 6
8117 7
8146 1
8147 0
8151 5
8171 6
8177 7
8179 5
8180 8
8203 7
8205 3
8206 6
8211 8
8214 8
8224 5
8229 8
8230 3
8232 1
8235 8
8239 3
8240 3
8249 0
8256 6
8260 7
8262 5
8266 5
8267 8
8271 7
8272 0
8275 0
8277 7
8281 1
8287 3
8291 3
8297 0
8300 1
8302 5
8314 0
8319 5
8321 0
8329 8
8331 7
8333 0
8334 3
8344 6
8350 1
8353 3
8358 8
8366 0
8372 7
8376 0
8382 0
8386 5
8390 7
8392 0
8394 1
8395 0
8398 3
8403 7
8404 7
8407 3
8410 0
8415 7
8422 5
8435 1
8443 0
8448 1
8450 1
8462 7
8466 6
8469 7
8471 8
8472 7
8480 1
8481 7
8482 0
8485 0
8492 6
8493 1
8494 3
8499 7
8500 3
8503 5
8507 5
8513 6
8514 6
8516 7
8528 0
8529 1
8531 8
8532 1
8540 1
8545 6
8552 6
8559 1
8565 1
8576 1
8582 7
8586 3
8591 3
8593 7
8598 5
8600 1
8601 3
8604 7
8606 5
8607 1
8610 0
8612 6
8616 0
8624 7
8626 7
8643 7
8644 1
8646 7
8651 6
8655 0
8663 0
8670 1
8671 3
8672 8
8675 3
8676 0
8677 7
8678 8
8684 3
8694 7
8699 6
8702 0
8709 6
8710 5
8711 5
8713 0
8715 8
8718 7
8722 5
8738 5
8742 3
8743 1
8744 7
8750 0
8751 7
8753 0
8755 3
8758 1
8767 0
8775 8
8778 0
8797 0
8804 7
8806 0
8809 1
8810 0
8812 1
8816 6
8817 7
8819 0
8823 7
8838 1
8839 5
8841 1
8845 7
8847 3
8853 0
8858 0
8865 0
8866 3
8886 1
8888 0
8891 6
8893 1
8900 1
8906 8
8912 0
8921 7
8924 7
8925 0
8928 3
8956 6
8960 3
8965 1
8971 0
8980 7
8981 7
8995 1
8998 8
9002 0
9007 1
9011 0
9013 7
9014 0
9015 8
9021 6
9028 1
9033 0
9035 3
9048 1
9062 0
9068 8
9076 8
9082 7
9085 1
9087 6
9094 0
9098 6
9100 5
9115 1
9118 1
9119 0
9122 8
9133 7
9135 5
9138 1
9145 5
9149 7
9152 5
9153 7
9159 8
9160 8
9162 0
9165 7
9168 0
9171 0
9174 3
9189 1
9195 1
9200 6
9202 7
9210 1
9212 3
9213 1
9216 1
9219 6
9222 5
9226 8
9229 1
9232 1
9237 6
9241 6
9251 1
9255 0
9261 1
9275 6
9279 7
9286 3
9287 0
9291 5
9294 7
9302 1
9309 1
9310 7
9312 0
9313 0
9315 7
9323 6
9328 0
9335 1
9336 1
9339 6
9340 1
9341 0
9350 0
9351 8
9353 7
9354 0
9356 6
9358 1
9363 7
9364 7
9370 7
9374 7
9381 6
9386 0
9387 8
9388 3
9405 5
9407 1
9417 0
9422 7
9440 0
9442 1
9446 0
9448 0
9450 3
9457 6
9460 3
9462 7
9472 7
9475 0
9482 6
9487 1
9499 0
9500 7
9501 1
9505 7
9518 0
9524 1
9525 0
9528 7
9529 7
9531 3
9536 8
9541 1
9552 0
9555 8
9556 0
9568 7
9570 5
9592 7
9595 1
9597 0
9603 0
9608 1
9611 0
9616 0
9619 0
9632 5
9633 7
9638 7
9649 3
9651 8
9654 1
9662 6
9663 8
9671 0
9676 1
9678 0
9687 0
9690 1
9693 8
9701 1
9709 6
9712 0
9715 1
9728 1
9732 6
9747 8
9751 0
9759 0
9762 6
9766 1
9771 7
9780 7
9783 5
9793 3
9826 8
9844 8
9854 1
9855 6
9858 0
9874 0
9877 6
9880 1
9884 1
9888 7
9893 1
9894 1
9899 3
9901 6
9902 1
9909 5
9914 5
9921 0
9927 5
9932 1
9946 1
9949 7
9950 7
9951 8
9954 0
9955 1
9957 7
9960 8
9967 7
9969 6
9977 6
9978 6
9987 3
10001 6
10002 6
10012 6
10020 0
10022 1
10030 1
10031 0
10034 7
10041 7
10043 0
10049 1
10052 6
10060 3
10062 7
10075 1
10077 7
10087 8
10091 3
10095 8
10100 1
10102 8
10106 7
10111 6
10114 7
10116 7
10125 5
10127 7
10134 7
10138 1
10158 7
10165 6
10169 1
10172 8
10173 6
10176 6
10186 5
10200 6
10203 6
10209 5
10211 6
10213 6
10218 6
10223 3
10226 7
10228 8
10232 7
10233 8
10238 6
10243 0
10248 1
10251 1
10252 1
10261 1
10264 7
10271 1
10273 6
10275 0
10281 7
10289 0
10296 7
10301 0
10303 7
10304 5
10305 7
10311 6
10312 1
10319 3
10324 3
10326 0
10328 7
10333 7
10342 1
10343 0
10344 8
10347 7
10349 6
10350 7
10356 6
10357 6
10358 7
10367 7
10369 8
10372 7
10373 1
10375 1
10379 6
10390 1
10391 0
10392 7
10393 1
10394 0
10400 6
10402 8
10411 8
10415 7
10426 7
10430 5
10433 0
10439 5
10447 7
10453 1
10455 0
10475 8
10478 7
10495 1
10497 1
10500 7
10501 5
10509 3
10512 0
10524 8
10533 1
10534 5
10542 3
10549 3
10550 6
10553 0
10558 5
10559 1
10568 1
10573 7
10576 1
10577 0
10585 8
10586 3
10592 7
10595 5
10596 6
10610 8
10620 8
10621 7
10628 0
10634 5
10640 7
10644 1
10645 8
10662 1
10669 3
10674 0
10680 8
10681 0
10684 7
10688 8
10691 3
10709 3
10713 0
10717 1
10720 7
10721 8
10725 0
10726 3
10727 7
10728 7
10730 7
10737 3
10741 0
10750 0
10758 3
10761 0
10766 7
10775 8
10780 3
10785 8
10786 6
10792 6
10798 0
10802 0
10806 1
10822 8
10823 7
10842 0
10847 0
10849 7
10856 8
10859 1
10860 0
10863 3
10865 7
10874 7
10876 8
10877 7
10882 1
10883 5
10887 7
10893 0
10902 1
10908 6
10912 1
10924 3
10939 6
10943 1
10945 3
10965 8
10968 0
10977 1
10978 3
10984 6
10987 0
10989 0
10991 0
10999 5
11000 1
11007 1
11012 0
11021 7
11026 5
11031 0
11032 3
11044 6
11045 7
11056 0
11057 7
11058 8
11065 7
11066 6
11069 8
11072 3
11073 0
11074 7
11079 5
11081 7
11082 1
11084 0
11086 8
11090 6
11106 0
11110 6
11111 1
11112 3
11114 0
11119 5
11124 6
11125 7
11127 1
11145 3
11157 1
11161 7
11163 1
11165 3
11169 0
11173 1
11176 0
11179 1
11180 8
11194 0
11196 1
11198 0
11205 5
11208 0
11211 5
11221 0
11227 1
11232 1
11245 3
11246 6
11247 3
11249 7
11253 8
11259 3
11270 0
11275 1
11276 0
11280 0
11288 0
11289 7
11293 5
11298 3
11299 7
11302 0
11307 5
11309 8
11311 1
11312 1
11322 3
11326 0
11347 3
11355 7
11356 0
11367 1
11368 8
11370 5
11373 1
11382 0
11383 1
11386 5
11392 6
11402 7
11405 3
11406 6
11408 6
11415 0
11419 5
11424 0
11429 6
11431 0
11436 0
11440 0
11444 1
11445 6
11447 5
11448 7
11450 3
11459 6
11461 8
11463 3
11469 7
11470 1
11481 7
11487 0
11492 5
11497 1
11501 8
11502 7
11520 7
11521 7
11523 3
11529 8
11532 1
11533 1
11534 5
11538 0
11540 5
11552 1
11561 7
11563 0
11564 5
11572 0
11575 3
11587 0
11592 1
11604 1
11606 0
11630 0
11632 5
11636 3
11638 6
11648 7
11651 6
11656 7
11662 3
11673 8
11677 1
11681 1
11688 1
11690 6
11694 3
11696 1
11700 1
11703 1
11707 1
11708 1
11711 6
11712 3
11715 1
11727 5
11735 3
11736 5
11739 5
11749 7
11754 6
11761 7
11764 5
11765 7
11768 0
11769 7
11770 3
11771 1
11772 0
11776 1
11777 1
11786 1
11798 8
11811 0
11817 1
11819 3
11820 7
11822 1
11827 6
11831 1
11832 8
11836 5
11839 7
11841 7
11861 3
11864 5
11866 8
11871 7
11872 7
11878 7
11883 1
11902 5
11904 6
11912 0
11915 0
11923 0
11934 0
11939 0
11940 1
11963 0
11971 1
11973 0
11975 0
11984 1
11992 0
11993 8
11998 5
12006 7
12007 5
12016 5
12019 6
12020 8
12030 0
12031 6
12032 5
12039 5
12047 1
12049 1
12063 1
12067 0
12068 3
12069 3
12071 1
12072 0
12076 5
12083 0
12091 5
12098 3
12100 1
12115 8
12116 1
12117 7
12118 5
12123 1
12138 6
12156 0
12161 0
12163 7
12166 0
12173 0
12176 8
12180 0
12183 1
12189 8
12203 6
12206 8
12207 8
12215 5
12219 0
12223 3
12225 5
12228 1
12234 0
12236 8
12238 6
12241 5
12242 3
12243 7
12245 1
12247 1
12260 1
12269 7
12272 7
12277 8
12278 5
12279 1
12282 7
12288 1
12292 1
12301 7
12302 6
12308 1
12312 1
12318 8
12327 7
12329 5
12332 5
12333 7
12339 6
12340 1
12366 5
12369 6
12370 5
12375 0
12377 5
12379 6
12380 0
12381 7
12383 1
12388 1
12408 7
12424 1
12426 8
12431 3
12435 0
12442 8
12448 0
12453 7
12456 1
12460 1
12462 0
12464 7
12469 0
12474 7
12475 5
12477 0
12484 7
12485 3
12491 6
12501 0
12504 0
12508 6
12509 0
12514 3
12517 5
12530 7
12541 1
12555 1
12573 3
12592 1
12593 3
12594 1
12600 8
12602 0
12604 6
12614 8
12615 8
12617 7
12618 5
12622 1
12627 7
12630 3
12631 5
12633 7
12637 1
12638 0
12641 6
12645 7
12651 0
12655 3
12671 5
12676 1
12679 6
12682 3
12692 6
12705 7
12706 1
12710 0
12723 7
12729 1
12730 0
12740 0
12746 1
12754 0
12759 7
12766 1
12771 8
12775 1
12776 5
12778 7
12783 5
12785 0
12800 1
12813 8
12820 0
12825 3
12831 6
12834 8
12837 5
12842 7
12843 7
12854 0
12864 7
12870 5
12875 1
12876 8
12879 6
12892 0
12894 1
12896 7
12897 6
12901 7
12903 1
12910 0
12913 3
12914 1
12919 1
12924 0
12931 3
12937 3
12943 5
12959 7
12964 1
12969 5
12975 7
12983 7
12988 5
12994 7
12995 7
12996 6
12997 7
13001 5
13009 7
13010 1
13014 7
13029 6
13030 0
13038 7
13039 7
13040 1
13044 1
13050 3
13055 0
13072 8
13074 1
13076 6
13111 3
13120 6
13123 6
13131 8
13136 7
13138 1
13149 1
13164 7
13170 5
13172 1
13173 3
13177 0
13179 0
13184 6
13187 3
13193 7
13205 5
13206 0
13213 6
13221 5
13222 5
13223 0
13224 7
13225 0
13235 5
13238 0
13239 1
13241 8
13244 1
13245 3
13246 3
13251 3
13254 5
13270 0
13274 8
13294 1
13298 1
13310 7
13313 5
13317 1
13319 7
13323 1
13324 0
13325 8
13326 0
13327 1
13329 5
13340 0
13351 7
13354 6
13359 3
13361 3
13367 6
13375 3
13382 0
13388 8
13389 6
13390 6
13391 7
13393 5
13398 0
13403 6
13416 7
13419 0
13424 0
13425 8
13427 7
13431 0
13438 0
13447 0
13448 0
13450 7
13460 8
13461 3
13462 1
13465 0
13466 7
13471 5
13473 0
13479 6
13480 0
13481 8
13486 0
13514 7
13518 5
13520 1
13521 7
13524 0
13529 1
13534 1
13535 8
13537 6
13543 1
13545 8
13551 3
13554 6
13555 1
13557 0
13569 7
13578 0
13584 5
13588 1
13602 5
13604 3
13608 1
13621 0
13624 3
13626 0
13632 7
13638 7
13646 7
13648 0
13651 3
13652 7
13654 7
13658 3
13660 0
13662 1
13664 7
13666 8
13674 8
13676 3
13684 8
13686 5
13689 3
13691 7
13699 1
13700 5
13704 1
13705 1
13709 7
13710 0
13715 7
13719 6
13720 8
13728 8
13731 8
13733 5
13734 6
13737 7
13739 1
13741 7
13742 1
13748 5
13754 6
13755 1
13756 6
13758 3
13762 7
13763 1
13786 0
13787 7
13806 6
13809 1
13815 7
13823 1
13825 6
13834 7
13836 8
13849 1
13851 8
13858 1
13874 8
13876 0
13877 1
13882 7
13886 8
13889 1
13892 7
13893 8
13912 8
13918 5
13920 6
13925 5
13926 3
13932 6
13935 7
13936 0
13954 8
13963 1
13964 0
13968 1
13974 7
13977 7
13984 7
13985 0
13986 5
13990 3
14005 1
14006 1
14007 1
14011 8
14012 0
14013 0
14016 1
14023 0
14030 5
14035 1
14036 7
14038 7
14046 8
14055 1
14056 0
14059 1
14065 6
14070 5
14076 3
14079 0
14081 7
14082 7
14089 5
14097 1
14105 7
14107 5
14108 5
14117 1
14118 5
14130 7
14131 6
14133 6
14138 0
14140 3
14142 7
14144 7
14148 5
14168 1
14174 0
14176 8
14177 1
14183 8
14188 6
14190 0
14197 1
14206 0
14213 0
14215 7
14216 0
14220 1
14222 7
14231 6
14232 5
14235 7
14246 3
14251 7
14252 0
14256 7
14258 7
14259 3
14261 7
14262 7
14268 0
14283 7
14286 8
14288 1
14291 6
14292 8
14313 5
14314 0
14317 0
14334 0
14341 0
14344 5
14348 8
14352 6
14353 0
14358 1
14359 7
14361 1
14372 7
14374 7
14392 6
14394 7
14403 7
14404 0
14407 0
14412 7
14416 7
14417 1
14418 7
14423 0
14426 0
14431 7
14435 0
14440 7
14441 0
14444 6
14449 7
14450 0
14452 7
14455 1
14463 0
14472 0
14478 0
14481 1
14485 5
14486 0
14489 7
14490 7
14493 7
14500 0
14514 6
14515 1
14521 7
14523 1
14529 8
14535 7
14541 1
14542 8
14543 5
14546 1
14558 5
14568 5
14589 7
14590 5
14597 0
14603 7
14612 7
14623 5
14626 1
14627 3
14628 6
14629 6
14633 7
14636 7
14639 6
14655 0
14658 0
14664 7
14680 7
14682 3
14684 8
14686 7
14691 3
14692 7
14701 6
14704 7
14706 5
14737 7
14744 7
14765 1
14767 8
14773 7
14782 0
14784 1
14799 7
14809 1
14815 7
14816 7
14828 6
14829 0
14840 0
14843 0
14848 0
14854 8
14855 1
14869 7
14872 8
14881 3
14888 7
14889 6
14903 0
14904 1
14910 7
14920 5
14923 7
14930 0
14936 5
14938 5
14953 1
14960 3
14963 3
14967 1
14970 1
14979 8
14983 7
14985 1
14987 3
14992 3
15005 1
15006 3
15007 8
15011 8
15015 8
15019 3
15020 7
15026 6
15034 0
15042 1
15046 8
15047 7
15056 1
15069 1
15073 7
15082 1
15085 1
15088 0
15091 0
15107 6
15109 0
15110 6
15119 1
15120 7
15124 0
15131 7
15138 5
15139 0
15141 1
15149 0
15150 1
15154 5
15156 5
15159 1
15162 1
15164 8
15171 1
15184 0
15185 6
15201 7
15227 6
15229 3
15239 8
15242 3
15243 7
15244 1
15247 5
15250 8
15261 1
15262 0
15272 6
15278 5
15281 1
15286 1
15287 1
15291 6
15293 3
15296 7
15302 1
15310 0
15314 0
15317 7
15319 3
15321 5
15330 1
15331 1
15332 7
15333 0
15335 5
15341 5
15344 7
15346 8
15348 7
15349 6
15358 7
15359 7
15363 1
15369 0
15372 5
15374 8
15383 5
15387 6
15391 7
15396 0
15398 0
15401 1
15403 3
15416 8
15420 1
15427 7
15430 0
15431 3
15435 0
15439 0
15445 6
15457 6
15467 5
15472 7
15473 0
15474 6
15475 3
15476 3
15477 0
15486 1
15493 5
15505 0
15509 0
15515 7
15516 0
15518 1
15527 3
15533 7
15534 6
15544 3
15545 5
15553 8
15555 5
15557 1
15559 1
15570 1
15572 0
15579 7
15582 7
15598 0
15603 5
15607 8
15608 6
15611 0
15617 8
15618 8
15634 6
15635 8
15639 0
15643 7
15646 1
15658 0
15661 0
15662 1
15667 7
15670 1
15676 8
15692 1
15696 0
15698 8
15699 8
15703 7
15721 8
15724 3
15729 1
15733 3
15738 1
15746 8
15747 3
15749 1
15765 0
15769 7
15779 1
15783 1
15786 3
15787 6
15794 5
15799 5
15801 1
15803 8
15823 6
15826 5
15828 0
15829 5
15835 8
15838 1
15846 6
15854 5
15855 1
15856 5
15860 5
15863 0
15866 0
15870 0
15881 7
15882 5
15885 1
15887 0
15893 0
15896 0
15898 3
15899 0
15900 0
15910 0
15911 8
15925 7
15929 0
15934 1
15935 8
15938 7
15940 0
15943 3
15947 7
15949 0
15950 1
15957 5
15971 6
15977 0
15986 6
15991 6
15992 0
15999 7
16001 1
16007 7
16009 3
16018 5
16042 8
16047 3
16052 7
16062 6
16067 6
16073 7
16078 1
16081 3
16090 8
16092 1
16093 0
16095 7
16101 7
16102 0
16104 7
16107 1
16113 0
16118 8
16124 6
16128 1
16132 8
16134 3
16135 7
16136 7
16141 8
16166 3
16169 0
16178 8
16180 1
16189 1
16192 7
16195 7
16199 3
16202 0
16203 1
16210 3
16216 7
16219 0
16223 1
16234 1
16236 3
16245 0
16247 3
16256 1
16261 1
16269 3
16280 3
16282 3
16283 6
16291 3
16292 0
16305 0
16310 1
16311 3
16312 0
16313 0
16324 7
16330 8
16334 7
16336 8
16339 5
16340 8
16349 0
16351 3
16359 1
16361 3
16373 1
16378 1
16386 6
16396 1
16399 7
16401 5
16408 3
16415 0
16421 5
16427 5
16428 1
16429 6
16430 8
16436 3
16437 1
16440 6
16451 6
16452 5
16453 3
16456 0
16457 8
16458 1
16469 3
16477 7
16480 1
16487 0
16505 7
16509 8
16528 5
16547 5
16556 3
16557 7
16579 0
16582 7
16586 5
16598 1
16603 6
16615 7
16624 0
16631 1
16632 0
16633 7
16635 5
16641 1
16646 5
16649 8
16659 7
16663 6
16685 6
16697 8
16704 0
16710 1
16713 6
16719 7
16722 5
16723 1
16725 1
16726 1
16727 8
16733 0
16749 7
16759 5
16767 3
16768 6
16769 1
16770 1
16772 7
16775 8
16789 6
16790 0
16791 5
16794 6
16798 3
16802 7
16811 7
16815 7
16816 8
16822 6
16824 7
16829 1
16831 0
16833 0
16839 7
16852 3
16857 7
16858 7
16859 3
16861 8
16875 0
16876 7
16877 7
16879 7
16893 7
16894 0
16904 5
16912 0
16916 6
16918 0
16929 1
16932 5
16935 3
16936 7
16941 7
16943 1
16948 7
16960 6
16963 0
16964 1
16974 0
16979 3
16982 6
16983 5
16986 1
17001 7
17005 7
17008 1
17011 0
17024 5
17026 0
17028 8
17035 6
17039 7
17044 7
17059 7
17068 1
17069 7
17070 0
17072 6
17073 8
17077 7
17080 0
17081 7
17083 7
17086 0
17087 6
17092 0
17093 0
17097 1
17103 0
17109 1
17114 0
17115 0
17125 8
17127 0
17131 7
17138 0
17141 3
17142 1
17155 5
17160 7
17165 3
17170 8
17175 3
17176 1
17177 7
17180 8
17181 7
17199 7
17207 0
17209 1
17218 1
17223 1
17229 1
17241 1
17250 8
17253 0
17258 1
17267 0
17276 1
17289 1
17296 1
17300 5
17304 0
17305 3
17324 7
17325 0
17326 6
17331 1
17341 1
17350 7
17356 1
17364 7
17371 1
17373 0
17377 7
17380 0
17381 5
17389 6
17391 5
17395 0
17402 7
17405 8
17407 0
17410 5
17420 7
17428 1
17437 7
17438 0
17440 5
17443 7
17447 1
17449 5
17458 0
17460 1
17461 1
17480 6
17481 0
17482 8
17486 0
17496 5
17498 7
17508 3
17512 0
17515 1
17521 7
17522 0
17532 7
17533 8
17541 5
17546 7
17549 7
17561 0
17563 7
17565 5
17568 0
17573 0
17574 6
17583 6
17584 7
17586 1
17595 3
17596 6
17598 0
17599 3
17601 8
17606 1
17609 1
17611 3
17618 7
17619 3
17620 0
17625 8
17633 0
17641 5
17644 5
17648 7
17665 3
17669 0
17674 7
17683 8
17684 6
17685 8
17689 0
17693 0
17694 1
17702 0
17709 1
17716 1
17717 0
17720 7
17723 6
17725 7
17734 1
17735 0
17736 8
17739 0
17745 0
17750 1
17755 1
17760 1
17761 0
17762 0
17764 0
17769 0
17790 6
17798 1
17804 7
17811 3
17812 7
17824 8
17827 1
17829 0
17830 3
17833 3
17839 7
17843 1
17845 7
17850 0
17854 8
17859 0
17860 1
17873 6
17880 3
17881 8
17882 3
17884 0
17887 0
17888 1
17890 8
17899 8
17903 1
17909 5
17910 7
17938 6
17952 6
17958 7
17962 8
17965 0
17970 1
17971 3
17973 1
17974 1
17979 7
17980 0
17986 1
17993 7
17995 1
18004 3
18006 5
18008 7
18019 1
18022 7
18037 7
18045 8
18057 1
18058 7
18061 3
18062 1
18069 1
18076 8
18077 3
18080 0
18081 8
18086 0
18095 7
18097 1
18106 0
18110 7
18119 5
18124 7
18126 6
18132 8
18139 7
18144 7
18154 8
18160 1
18164 0
18165 7
18171 8
18173 6
18176 3
18179 6
18181 1
18195 7
18216 5
18221 8
18226 1
18233 5
18242 0
18243 3
18245 3
18247 1
18249 0
18258 7
18259 5
18262 3
18265 6
18267 3
18276 1
18281 3
18284 6
18297 1
18300 7
18304 7
18311 1
18316 1
18319 3
18326 7
18327 8
18339 7
18340 7
18370 6
18386 0
18387 5
18388 1
18398 7
18403 7
18407 6
18411 7
18412 5
18419 0
18420 6
18432 8
18434 7
18437 7
18439 1
18440 3
18441 3
18450 7
18457 0
18460 0
18462 5
18465 7
18466 0
18467 1
18469 5
18474 5
18475 3
18480 1
18488 1
18490 7
18496 0
18498 1
18503 0
18507 7
18516 3
18517 7
18518 1
18548 8
18554 6
18569 3
18578 0
18592 7
18597 6
18609 8
18614 0
18620 7
18630 0
18636 7
18638 5
18645 8
18646 0
18654 1
18658 7
18660 8
18666 1
18668 1
18672 8
18680 0
18682 6
18684 5
18695 7
18696 1
18697 0
18710 0
18713 0
18715 1
18723 7
18725 8
18727 0
18731 3
18733 0
18734 7
18738 7
18739 7
18740 1
18749 1
18750 1
18752 1
18753 0
18758 3
18760 1
18764 3
18775 7
18785 1
18796 1
18803 0
18806 8
18812 8
18813 7
18826 6
18829 7
18835 7
18841 7
18843 7
18844 1
18851 6
18863 0
18864 0
18877 1
18879 1
18881 7
18882 0
18884 6
18885 1
18889 5
18897 8
18908 1
18913 3
18916 7
18922 7
18924 6
18925 0
18934 3
18937 1
18950 8
18957 1
18958 3
18964 0
18974 6
18976 6
18980 8
18982 1
18986 3
18990 6
19007 3
19008 7
19012 3
19014 7
19025 5
19026 7
19027 0
19028 8
19033 7
19050 1
19058 7
19060 5
19068 5
19076 1
19078 1
19080 5
19082 0
19084 0
19087 6
19092 6
19099 5
19103 0
19111 1
19112 7
19113 5
19120 1
19133 8
19134 7
19142 7
19143 1
19146 1
19152 8
19164 1
19171 8
19177 3
19182 3
19183 5
19190 1
19193 1
19194 7
19199 1
19211 3
19214 8
19217 0
19221 5
19224 0
19226 1
19229 5
19234 5
19235 7
19237 0
19240 3
19242 1
19244 7
19253 8
19255 5
19261 7
19265 1
19271 3
19272 6
19276 5
19279 1
19282 0
19290 1
19297 8
19308 6
19309 8
19311 1
19315 7
19323 1
19326 7
19334 3
19336 8
19339 0
19346 7
19349 7
19357 8
19358 7
19360 7
19365 1
19366 6
19374 8
19376 0
19383 7
19384 0
19387 5
19389 7
19394 7
19396 7
19404 3
19421 6
19423 3
19430 6
19434 3
19435 0
19449 5
19450 1
19458 7
19466 7
19470 1
19473 0
19474 1
19488 1
19490 1
19492 0
19511 6
19512 7
19516 7
19519 7
19528 7
19530 8
19534 1
19536 0
19540 3
19547 8
19548 7
19554 0
19556 6
19558 0
19562 6
19564 1
19569 7
19574 1
19580 5
19588 6
19589 5
19593 1
19594 1
19595 3
19596 3
19599 7
19604 6
19610 3
19614 7
19618 8
19629 7
19631 5
19637 0
19641 6
19643 7
19644 0
19647 5
19653 6
19661 1
19664 0
19674 1
19677 0
19685 6
19690 3
19692 6
19694 0
19696 8
19697 0
19701 6
19702 7
19705 6
19716 0
19721 7
19727 5
19729 0
19733 8
19735 3
19738 5
19742 7
19746 7
19748 8
19751 1
19759 7
19769 1
19775 8
19789 0
19792 1
19793 1
19801 1
19805 1
19816 7
19817 8
19819 3
19824 1
19825 3
19832 7
19833 7
19845 0
19850 7
19851 8
19853 5
19857 7
19868 0
19873 1
19874 0
19876 1
19879 7
19883 7
19884 0
19891 1
19897 7
19900 3
19901 0
19907 6
19908 3
19919 1
19924 6
19929 5
19937 8
19943 7
19949 6
19951 7
19952 7
19955 6
19962 7
19965 3
19974 0
19996 8
19999 3
20007 5
20008 6
20010 7
20029 0
20030 7
20035 0
20039 0
20048 0
20054 7
20061 0
20069 1
20077 0
20079 1
20092 3
20094 7
20100 8
20104 6
20106 6
20108 7
20113 6
20128 8
20131 5
20138 0
20144 5
20147 7
20164 3
20166 7
20180 0
20181 1
20187 1
20193 6
20196 5
20199 1
20206 7
20208 5
20214 1
20220 0
20222 1
20225 6
20232 1
20239 8
20240 6
20257 0
20268 6
20269 5
20270 7
20272 0
20286 0
20288 8
20294 7
20296 1
20298 8
20303 7
20306 7
20308 0
20311 1
20312 1
20320 3
20325 7
20328 0
20332 6
20336 1
20345 5
20354 1
20356 7
20361 3
20368 1
20374 7
20375 8
20376 1
20388 1
20393 0
20394 3
20398 0
20399 7
20400 8
20401 5
20403 0
20405 8
20407 7
20415 3
20421 3
20427 1
20432 6
20436 7
20437 6
20439 7
20443 7
20445 3
20449 0
20452 0
20468 0
20483 3
20486 1
20488 5
20489 7
20496 5
20498 7
20500 8
20501 6
20506 6
20510 1
20511 7
20514 6
20528 5
20531 5
20534 5
20536 1
20538 0
20544 7
20548 6
20550 7
20551 0
20554 1
20555 0
20559 1
20564 7
20569 5
20570 0
20577 5
20578 1
20579 0
20585 7
20590 7
20596 8
20599 1
20600 1
20607 7
20614 7
20617 8
20622 0
20625 5
20628 6
20631 5
20638 5
20640 7
20647 3
20649 1
20654 7
20657 1
20661 1
20662 8
20670 1
20674 1
20676 1
20677 8
20693 1
20694 0
20695 0
20705 8
20714 5
20717 6
20724 0
20740 8
20745 1
20747 3
20749 8
20750 1
20752 1
20754 0
20762 8
20765 1
20767 6
20773 7
20774 1
20778 7
20780 7
20783 1
20784 5
20789 6
20793 0
20794 3
20799 1
20806 5
20812 8
20816 0
20818 0
20821 6
20824 0
20827 1
20833 7
20834 0
20848 7
20851 1
20852 0
20854 1
20861 3
20864 0
20869 1
20870 7
20884 7
20887 6
20889 8
20890 7
20896 1
20901 1
20906 7
20910 0
20911 1
20925 1
20927 6
20932 5
20934 6
20947 1
20948 7
20950 6
20955 1
20958 8
20961 5
20962 8
20964 7
20965 5
20970 1
20974 1
20987 7
20992 7
20993 6
20994 1
20997 0
21006 3
21011 3
21013 8
21018 0
21024 6
21028 8
21030 6
21035 3
21036 8
21038 6
21046 3
21050 8
21055 5
21059 3
21062 3
21064 0
21065 1
21066 7
21070 5
21071 0
21072 6
21080 1
21081 7
21087 0
21091 6
21094 1
21096 7
21099 0
21102 0
21104 1
21117 7
21128 3
21132 6
21136 7
21140 8
21144 0
21154 1
21171 7
21175 8
21179 3
21200 6
21204 0
21209 1
21216 6
21219 1
21226 8
21231 0
21232 0
21241 8
21242 1
21254 7
21261 3
21264 6
21265 3
21268 7
21275 0
21276 7
21286 3
21290 1
21292 6
21293 1
21301 7
21310 0
21313 6
21320 3
21324 7
21345 0
21347 5
21350 1
21358 6
21368 5
21369 1
21376 1
21378 7
21386 0
21387 0
21390 1
21393 0
21403 0
21410 7
21416 1
21429 1
21432 8
21436 3
21437 1
21443 8
21446 0
21447 6
21455 1
21456 8
21458 0
21464 8
21472 0
21475 6
21480 7
21485 1
21503 8
21506 1
21515 8
21523 1
21536 5
21538 1
21548 3
21550 0
21551 5
21554 3
21561 3
21567 5
21568 8
21570 7
21572 6
21577 0
21580 6
21584 1
21602 0
21607 7
21610 3
21617 7
21621 6
21626 7
21629 7
21648 1
21659 7
21669 3
21671 8
21675 1
21682 3
21689 3
21697 5
21700 1
21708 7
21710 8
21712 5
21720 1
21723 0
21729 1
21733 7
21736 5
21748 0
21749 5
21754 7
21758 0
21764 8
21766 1
21768 7
21775 1
21787 7
21791 6
21796 1
21806 6
21814 7
21819 0
21823 8
21834 3
21842 8
21853 7
21854 1
21856 8
21861 1
21864 5
21866 1
21872 6
21877 1
21891 7
21901 8
21902 7
21904 7
21907 1
21914 5
21918 7
21922 0
21925 0
21937 6
21940 0
21944 3
21951 7
21952 5
21960 1
21962 5
21964 0
21971 1
21972 8
21980 7
21981 0
21984 1
21987 0
21988 1
21989 6
22002 6
22004 6
22005 7
22010 8
22014 0
22037 1
22042 5
22044 6
22056 8
22067 1
22083 3
22084 0
22088 1
22089 1
22090 1
22097 7
22100 6
22102 1
22105 5
22108 1
22110 5
22113 6
22116 7
22120 7
22122 0
22124 7
22125 5
22127 1
22131 3
22142 0
22144 7
22146 0
22147 8
22148 7
22152 1
22153 7
22169 7
22171 5
22172 8
22176 6
22180 7
22190 0
22192 7
22203 7
22206 1
22208 1
22217 1
22218 8
22223 5
22227 1
22228 0
22245 5
22246 7
22252 1
22253 5
22258 0
22260 6
22269 1
22275 0
22279 0
22286 0
22293 0
22296 1
22311 1
22347 6
22348 1
22349 1
22353 6
22359 7
22361 7
22364 5
22368 5
22378 7
22384 6
22387 3
22391 7
22395 1
22399 1
22410 0
22420 5
22427 3
22429 7
22440 8
22444 7
22453 5
22456 5
22463 5
22478 3
22487 3
22500 1
22511 0
22520 7
22524 8
22526 7
22534 6
22541 7
22543 1
22551 8
22552 1
22555 5
22561 0
22566 7
22567 6
22569 7
22570 0
22571 0
22574 7
22581 8
22585 7
22602 0
22604 0
22606 7
22611 5
22614 1
22621 7
22629 1
22635 8
22644 8
22662 5
22663 1
22666 3
22669 7
22671 3
22673 7
22683 7
22689 1
22699 0
22702 0
22714 8
22717 7
22724 0
22728 0
22737 3
22746 6
22748 5
22755 0
22777 0
22778 5
22781 0
22785 6
22794 5
22802 1
22803 0
22824 1
22833 1
22835 0
22837 7
22840 3
22841 0
22842 5
22844 0
22848 3
22864 0
22869 0
22873 0
22879 3
22888 8
22905 5
22906 1
22914 5
22918 1
22919 5
22923 5
22928 7
22930 1
22940 6
22944 7
22947 6
22948 8
22950 1
22953 0
22954 8
22957 1
22962 0
22964 7
22965 7
22969 7
22980 7
22982 1
22988 0
22989 1
23000 7
23005 6
23006 1
23008 6
23009 1
23013 7
23017 7
23018 5
23021 0
23023 1
23025 6
23033 5
23039 3
23052 1
23054 6
23056 0
23071 7
23086 6
23094 5
23097 6
23101 6
23111 1
23119 3
23124 7
23128 0
23132 7
23137 1
23138 0
23141 1
23145 5
23154 6
23158 0
23159 0
23160 1
23161 7
23163 0
23169 1
23172 8
23174 3
23176 3
23184 3
23185 3
23187 7
23191 7
23197 5
23214 8
23218 5
23224 0
23235 5
23238 3
23244 6
23245 0
23257 6
23270 5
23275 1
23281 8
23301 8
23318 3
23332 1
23347 0
23349 3
23354 7
23366 6
23368 1
23379 1
23386 0
23389 5
23390 6
23391 1
23397 1
23399 8
23405 8
23410 1
23417 5
23420 7
23429 1
23431 1
23433 1
23437 3
23439 1
23446 0
23448 3
23449 0
23452 0
23464 1
23467 1
23471 1
23476 7
23491 0
23493 0
23496 0
23498 5
23499 6
23500 1
23504 1
23512 7
23513 8
23519 0
23521 6
23531 1
23535 8
23537 0
23539 6
23540 8
23546 1
23549 6
23550 1
23553 5
23557 3
23564 1
23566 0
23568 8
23571 7
23572 8
23573 8
23574 7
23577 7
23578 1
23596 6
23597 0
23598 1
23599 7
23603 7
23606 6
23631 8
23644 0
23648 1
23651 1
23660 0
23662 1
23667 0
23671 7
23674 0
23678 6
23681 8
23685 1
23687 1
23698 6
23699 7
23703 1
23709 1
23713 1
23718 7
23722 1
23727 7
23734 6
23735 5
23736 8
23738 0
23740 8
23748 7
23752 1
23754 0
23755 7
23756 3
23760 6
23761 5
23762 6
23767 0
23782 3
23787 6
23793 8
23795 6
23796 0
23801 3
23806 1
23808 0
23810 3
23813 1
23814 7
23816 7
23821 6
23826 7
23827 8
23829 7
23834 7
23835 7
23836 0
23841 1
23843 0
23844 7
23845 8
23847 0
23869 7
23885 5
23887 1
23892 7
23893 8
23900 1
23902 3
23910 7
23913 5
23915 6
23918 0
23919 0
23925 7
23927 6
23940 7
23943 7
23944 0
23952 0
23959 1
23963 5
23965 8
23970 7
23972 0
23975 1
23988 7
24001 1
24005 5
24011 1
24017 5
24020 0
24031 5
24039 8
24047 5
24051 0
24052 7
24058 0
24059 8
24068 1
24073 5
24074 0
24076 1
24079 0
24085 8
24088 7
24094 0
24095 8
24105 3
24114 1
24125 1
24130 3
24140 8
24145 6
24155 6
24157 1
24170 0
24175 1
24183 8
24190 3
24194 1
24195 0
24200 1
24204 6
24206 1
24211 1
24216 8
24228 1
24237 7
24244 3
24252 0
24255 1
24262 5
24264 0
24270 8
24275 6
24280 1
24285 0
24287 3
24296 1
24298 6
24300 0
24313 0
24322 0
24325 0
24330 5
24342 1
24346 7
24348 5
24349 0
24361 0
24362 8
24365 0
24367 0
24369 7
24370 7
24371 7
24379 0
24380 3
24388 1
24389 6
24398 1
24407 1
24408 1
24413 0
24421 7
24423 6
24429 0
24432 0
24435 8
24436 1
24446 1
24448 7
24449 7
24456 8
24458 1
24460 5
24469 7
24473 3
24474 1
24475 6
24478 6
24479 6
24485 7
24486 1
24488 0
24489 3
24490 5
24499 7
24504 7
24507 0
24511 0
24516 3
24518 5
24524 7
24527 1
24529 7
24532 3
24541 1
24545 7
24546 3
24550 1
24552 6
24556 6
24558 3
24561 1
24565 5
24569 0
24575 3
24584 7
24591 1
24599 7
24600 0
24604 1
24605 0
24606 5
24607 1
24610 0
24611 5
24615 1
24622 0
24623 0
24630 7
24636 0
24638 1
24640 1
24646 6
24647 1
24652 5
24657 1
24659 7
24663 3
24672 6
24677 0
24689 8
24690 0
24695 0
24702 3
24706 0
24707 5
24708 7
24717 6
24720 0
24721 0
24722 6
24732 6
24736 0
24740 8
24749 5
24752 8
24762 1
24764 0
24765 8
24766 8
24772 0
24773 0
24778 7
24780 0
24788 1
24791 0
24794 7
24803 5
24805 0
24820 7
24821 8
24826 3
24827 7
24838 3
24844 0
24849 1
24852 6
24860 8
24864 6
24871 5
24879 6
24892 7
24893 1
24900 7
24910 5
24914 3
24916 7
24917 7
24925 7
24934 8
24945 8
24951 3
24953 3
24956 6
24963 1
24967 7
24980 0
24982 7
24984 8
24999 1
25000 6
25004 0
25008 5
25013 8
25023 0
25030 0
25037 0
25042 8
25050 1
25053 3
25055 5
25059 6
25060 1
25061 1
25062 5
25069 1
25073 5
25075 3
25077 5
25080 7
25085 6
25088 8
25092 0
25098 7
25103 5
25107 7
25110 0
25114 7
25121 6
25132 7
25141 3
25154 7
25157 3
25164 7
25169 6
25171 3
25175 0
25182 7
25187 0
25191 0
25198 0
25199 0
25205 3
25214 5
25215 5
25217 0
25218 5
25220 0
25227 7
25231 7
25237 8
25244 0
25245 1
25248 3
25250 7
25255 6
25272 3
25274 0
25276 0
25277 5
25287 3
25289 7
25292 7
25294 6
25297 1
25303 1
25305 5
25308 1
25310 7
25314 1
25315 5
25318 0
25324 5
25329 7
25339 0
25350 0
25353 3
25356 3
25357 6
25364 8
25365 7
25371 7
25372 3
25376 5
25378 5
25381 0
25382 6
25389 1
25391 0
25394 3
25398 0
25401 7
25402 7
25404 1
25409 1
25410 7
25411 7
25413 7
25414 7
25419 0
25426 0
25428 1
25433 1
25434 7
25441 7
25442 6
25445 3
25452 3
25454 7
25458 7
25475 6
25478 0
25479 1
25486 1
25497 7
25499 1
25501 8
25507 1
25508 8
25513 8
25530 0
25531 0
25533 8
25534 1
25551 6
25552 3
25553 7
25560 1
25565 6
25572 7
25579 7
25584 7
25594 7
25603 3
25604 1
25607 3
25608 1
25617 7
25618 8
25625 1
25640 5
25643 7
25648 1
25651 0
25659 0
25661 3
25669 8
25671 0
25673 5
25676 5
25687 5
25691 8
25692 7
25695 0
25722 3
25723 6
25736 1
25744 8
25748 0
25749 8
25750 1
25759 1
25764 7
25765 5
25780 8
25790 8
25795 6
25799 1
25803 7
25804 7
25805 3
25807 0
25815 6
25816 0
25825 5
25830 0
25832 1
25835 6
25837 1
25842 1
25843 0
25845 3
25846 7
25851 6
25856 1
25861 0
25869 8
25872 1
25876 7
25880 0
25883 1
25885 5
25886 3
25889 7
25891 0
25893 7
25898 7
25899 5
25900 6
25904 6
25912 0
25914 6
25920 0
25922 5
25923 5
25926 1
25927 7
25930 0
25933 5
25934 5
25950 5
25957 7
25966 6
25967 6
25974 1
25981 3
25982 0
25990 6
25993 1
25996 5
25999 6
26013 1
26021 1
26029 5
26031 7
26033 3
26035 8
26036 5
26042 6
26047 7
26049 0
26053 1
26056 7
26059 1
26060 0
26066 6
26079 3
26088 0
26089 6
26100 7
26102 3
26103 6
26109 8
26114 7
26117 1
26120 6
26122 6
26123 5
26126 5
26127 1
26128 0
26130 7
26131 8
26133 7
26145 7
26151 6
26152 1
26157 6
26161 5
26164 0
26165 7
26166 7
26188 8
26197 6
26200 0
26209 1
26218 1
26219 0
26227 1
26231 6
26235 6
26237 3
26239 8
26241 1
26244 5
26251 3
26268 6
26276 7
26278 3
26282 0
26289 1
26291 7
26296 0
26298 1
26300 0
26307 7
26323 5
26329 7
26336 5
26340 6
26350 1
26353 7
26355 6
26357 5
26363 3
26370 3
26372 5
26373 1
26379 6
26382 3
26397 7
26417 7
26423 7
26424 1
26446 1
26447 1
26461 6
26462 5
26468 1
26471 1
26475 7
26479 3
26482 5
26486 3
26489 1
26511 1
26513 6
26515 7
26521 1
26524 6
26535 5
26536 0
26537 6
26538 8
26551 0
26552 0
26553 7
26554 5
26557 5
26561 1
26566 6
26570 0
26573 5
26576 1
26583 8
26585 1
26596 1
26599 0
26603 8
26608 8
26609 5
26617 1
26620 1
26626 5
26628 7
26641 0
26643 8
26666 8
26667 0
26668 1
26671 8
26675 5
26678 8
26679 3
26681 1
26682 3
26683 7
26685 6
26691 1
26694 8
26700 3
26704 0
26706 7
26708 0
26711 5
26712 1
26715 7
26716 5
26718 8
26724 0
26725 6
26730 0
26748 6
26757 0
26758 0
26760 0
26763 1
26768 0
26793 6
26802 1
26804 3
26811 7
26829 6
26837 0
26844 7
26845 3
26853 1
26855 0
26856 8
26860 7
26862 5
26865 7
26873 0
26877 1
26880 1
26881 1
26882 7
26883 5
26884 3
26911 7
26919 6
26920 3
26925 8
26930 1
26931 7
26932 1
26934 5
26937 1
26941 1
26943 7
26944 8
26950 1
26951 8
26953 7
26954 3
26962 3
26966 6
26968 0
26970 1
26971 3
26988 8
27001 0
27003 7
27004 0
27008 6
27012 5
27013 5
27018 1
27029 7
27030 1
27041 1
27054 7
27057 8
27061 8
27065 3
27066 3
27069 5
27084 1
27086 7
27102 6
27114 5
27117 6
27120 6
27124 8
27125 3
27127 6
27135 7
27137 0
27140 3
27143 1
27145 7
27148 1
27150 3
27156 5
27159 3
27162 1
27165 5
27169 0
27171 8
27174 1
27178 1
27187 7
27192 0
27196 1
27208 5
27210 5
27217 7
27221 7
27224 3
27236 7
27243 8
27244 7
27246 5
27252 8
27254 5
27259 7
27260 1
27262 1
27263 5
27264 0
27265 3
27274 5
27282 7
27283 3
27290 3
27292 3
27295 6
27298 5
27300 3
27302 7
27307 1
27309 0
27312 0
27313 7
27314 0
27316 3
27321 1
27322 7
27325 0
27338 0
27341 1
27356 0
27363 7
27365 1
27381 7
27384 7
27385 6
27386 8
27392 3
27394 7
27395 1
27397 3
27408 3
27411 7
27412 7
27414 6
27419 1
27421 7
27423 7
27425 0
27439 1
27445 3
27446 7
27448 1
27453 7
27462 3
27463 3
27478 6
27487 0
27495 3
27501 7
27508 6
27527 1
27528 3
27529 7
27537 0
27544 5
27551 1
27552 0
27555 0
27559 5
27562 0
27564 1
27565 7
27571 0
27586 5
27590 3
27591 1
27596 7
27597 0
27598 3
27601 1
27607 1
27608 5
27612 8
27619 5
27634 7
27637 7
27639 0
27647 7
27648 6
27667 6
27670 8
27673 5
27676 0
27679 3
27680 6
27681 0
27686 0
27694 1
27696 0
27697 7
27708 6
27709 1
27715 8
27718 7
27719 1
27722 5
27725 7
27728 8
27730 1
27744 0
27752 1
27761 5
27762 7
27766 5
27767 6
27769 1
27773 1
27779 5
27780 0
27782 7
27783 8
27785 1
27790 7
27792 1
27806 3
27807 1
27808 8
27817 7
27819 3
27820 8
27821 1
27822 7
27828 3
27836 7
27838 3
27842 8
27850 0
27856 6
27863 0
27864 8
27870 8
27871 1
27873 0
27878 0
27884 0
27900 1
27910 7
27912 3
27913 7
27916 7
27919 8
27932 8
27933 6
27935 7
27936 7
27956 3
27965 1
27967 5
27970 1
27972 1
27974 3
27976 8
27978 8
27984 0
27991 3
27995 1
28004 1
28005 1
28010 1
28012 8
28018 1
28022 3
28038 1
28041 1
28046 1
28048 7
28052 0
28058 5
28067 5
28069 3
28080 0
28086 1
28088 6
28090 3
28093 3
28099 3
28102 7
28104 7
28105 1
28106 6
28111 7
28114 0
28122 1
28147 3
28149 5
28150 7
28151 7
28161 0
28166 1
28174 7
28183 1
28184 7
28185 0
28186 7
28192 1
28193 1
28200 7
28202 7
28215 1
28217 3
28226 7
28234 7
28237 5
28244 1
28255 7
28256 7
28265 1
28266 8
28275 6
28276 1
28284 8
28285 1
28287 8
28293 7
28296 7
28299 3
28300 0
28306 3
28310 8
28311 0
28318 1
28328 7
28330 5
28331 5
28332 8
28343 0
28344 1
28346 7
28351 1
28360 0
28364 7
28374 6
28377 0
28379 1
28398 7
28401 0
28402 0
28405 1
28406 1
28407 7
28409 3
28411 3
28412 8
28416 6
28423 5
28426 0
28430 3
28433 5
28441 1
28442 3
28445 6
28447 5
28452 0
28466 6
28472 5
28480 7
28504 6
28506 6
28510 3
28511 1
28521 0
28534 1
28549 1
28559 1
28563 5
28566 7
28569 7
28580 1
28581 1
28584 0
28586 8
28597 5
28599 8
28604 1
28606 6
28615 1
28636 0
28638 7
28651 6
28658 7
28659 3
28661 3
28665 0
28681 0
28688 1
28689 0
28694 1
28700 5
28701 1
28705 0
28710 7
28711 7
28712 5
28718 3
28725 5
28727 7
28736 3
28740 3
28742 0
28752 7
28753 1
28771 7
28776 6
28777 3
28798 1
28800 8
28802 0
28803 7
28804 1
28805 1
28806 6
28810 1
28813 5
28814 0
28835 5
28841 8
28845 3
28847 1
28848 1
28857 3
28861 1
28866 0
28867 0
28877 3
28885 7
28900 3
28904 7
28906 1
28913 7
28925 6
28938 1
28940 8
28942 5
28951 7
28956 6
28958 1
28964 5
28969 7
28971 7
28979 8
28989 1
28990 6
28991 5
29005 0
29009 6
29025 1
29027 8
29036 7
29040 3
29050 5
29055 8
29056 8
29067 8
29071 7
29077 3
29080 6
29081 7
29089 6
29099 0
29100 7
29109 5
29114 1
29116 1
29120 1
29124 7
29125 7
29127 3
29137 7
29139 5
29144 3
29149 1
29152 7
29161 7
29165 5
29175 8
29176 1
29178 7
29200 5
29203 1
29209 1
29211 7
29215 5
29220 0
29221 1
29227 8
29233 6
29235 5
29236 7
29237 7
29247 5
29253 6
29255 5
29268 3
29269 0
29272 7
29274 0
29276 3
29278 7
29281 7
29284 6
29287 8
29290 1
29296 6
29310 6
29312 7
29328 8
29332 6
29335 1
29341 0
29350 7
29352 1
29356 1
29357 6
29360 6
29363 0
29371 8
29374 0
29378 0
29382 3
29394 1
29400 0
29412 0
29414 8
29419 7
29431 1
29439 5
29441 7
29445 7
29448 0
29462 1
29466 7
29475 8
29481 7
29491 3
29492 0
29495 1
29497 0
29498 5
29528 7
29532 0
29534 7
29536 1
29549 3
29551 1
29552 1
29557 7
29559 8
29563 0
29564 8
29565 1
29568 6
29570 0
29574 1
29576 1
29580 1
29581 0
29584 8
29589 1
29594 0
29597 7
29600 8
29604 1
29606 0
29610 7
29614 7
29623 0
29638 5
29641 0
29646 7
29655 0
29658 0
29662 5
29669 7
29670 7
29675 1
29677 6
29682 0
29688 7
29690 8
29698 7
29712 3
29714 0
29724 0
29733 7
29735 0
29736 6
29740 7
29743 7
29748 0
29757 3
29760 3
29773 8
29774 3
29775 3
29776 1
29777 1
29778 7
29785 3
29786 8
29787 7
29788 8
29804 3
29816 3
29823 7
29824 7
29828 1
29838 6
29845 0
29857 3
29861 5
29862 7
29867 1
29875 1
29877 8
29880 0
29882 8
29884 0
29886 7
29889 6
29891 7
29894 1
29897 0
29898 6
29905 1
29914 7
29919 8
29921 3
29927 0
29929 8
29930 8
29939 7
29941 0
29942 0
29944 0
29946 3
29951 8
29962 7
29963 1
29979 5
29993 7
30010 3
30013 5
30021 0
30025 0
30028 3
30029 0
30041 6
30044 7
30050 1
30051 1
30060 5
30062 1
30068 1
30076 8
30088 1
30102 0
30106 8
30111 0
30121 7
30122 5
30125 7
30129 3
30131 7
30136 1
30138 6
30141 0
30147 8
30149 6
30153 7
30158 0
30160 0
30164 8
30169 8
30177 0
30193 6
30194 1
30201 3
30204 5
30209 1
30214 0
30219 5
30222 6
30225 7
30229 0
30232 0
30233 0
30239 0
30245 1
30248 3
30250 7
30255 7
30258 0
30261 8
30263 1
30264 7
30267 0
30279 3
30283 3
30292 6
30294 8
30297 0
30300 7
30315 0
30317 0
30330 7
30335 8
30337 3
30339 5
30343 1
30344 1
30347 5
30350 6
30354 7
30356 3
30360 1
30364 1
30365 0
30366 8
30373 8
30377 0
30380 8
30387 3
30388 8
30396 0
30401 7
30407 1
30408 0
30411 8
30417 7
30424 5
30428 0
30435 7
30447 7
30451 0
30454 0
30455 7
30457 1
30462 1
30471 1
30473 3
30479 5
30482 3
30487 0
30488 8
30491 6
30495 1
30496 6
30499 7
30502 3
30505 0
30506 3
30509 8
30510 8
30512 6
30520 0
30538 7
30555 1
30556 7
30562 7
30567 3
30569 6
30570 1
30581 7
30584 0
30591 0
30592 7
30593 7
30594 6
30599 7
30601 8
30608 6
30621 6
30624 5
30625 6
30635 0
30639 8
30646 1
30647 8
30650 1
30653 5
30655 7
30657 3
30660 8
30671 7
30674 7
30681 7
30685 6
30687 5
30690 0
30702 1
30707 7
30713 3
30719 7
30720 7
30724 6
30728 1
30740 0
30741 6
30742 3
30750 1
30751 0
30756 5
30763 3
30770 8
30772 5
30789 5
30791 0
30800 6
30816 6
30818 0
30825 7
30826 7
30827 0
30838 5
30842 6
30846 8
30847 3
30852 7
30859 8
30869 7
30871 3
30886 5
30888 0
30891 1
30892 7
30896 5
30902 1
30903 1
30907 7
30909 0
30912 1
30926 8
30939 7
30945 1
30948 8
30953 6
30967 7
30968 0
30971 0
30978 3
30985 1
30990 8
30991 7
31003 7
31011 1
31016 5
31017 3
31021 3
31026 0
31034 7
31047 3
31054 0
31056 1
31058 0
31064 3
31066 8
31076 8
31083 0
31090 0
31094 5
31102 1
31112 6
31116 3
31118 6
31120 3
31136 5
31137 3
31140 6
31142 6
31149 3
31150 5
31152 1
31153 7
31154 7
31159 6
31161 5
31163 7
31165 0
31170 8
31172 7
31180 3
31182 8
31183 8
31192 7
31193 1
31198 5
31199 5
31200 3
31204 5
31218 3
31220 8
31229 0
31232 6
31233 1
31246 0
31249 0
31264 3
31268 1
31275 0
31281 7
31283 1
31284 0
31289 0
31290 7
31293 0
31295 5
31299 6
31301 6
31308 0
31309 3
31310 7
31320 7
31322 1
31330 3
31333 0
31334 6
31345 1
31347 3
31351 1
31354 8
31359 7
31361 0
31365 7
31376 3
31379 8
31383 5
31390 8
31391 0
31405 6
31406 5
31415 5
31422 1
31423 8
31425 8
31437 5
31441 1
31447 6
31452 7
31458 1
31459 0
31463 5
31465 6
31483 1
31484 7
31485 3
31498 8
31500 6
31505 7
31508 6
31515 7
31525 3
31532 0
31533 1
31537 8
31541 8
31549 7
31551 3
31563 8
31566 1
31570 6
31576 8
31581 8
31586 0
31588 7
31589 7
31597 7
31605 1
31610 5
31616 6
31618 1
31630 1
31637 1
31643 1
31644 8
31645 1
31649 5
31672 6
31678 0
31698 5
31707 0
31709 7
31717 8
31718 7
31719 7
31727 6
31737 1
31740 5
31746 7
31747 1
31756 0
31758 1
31764 7
31765 1
31766 0
31773 0
31779 7
31784 6
31790 1
31800 7
31802 0
31804 7
31809 0
31810 8
31812 6
31813 0
31820 6
31821 0
31825 5
31826 6
31833 3
31837 0
31840 7
31841 8
31845 1
31856 3
31862 1
31867 3
31878 1
31881 1
31884 0
31889 6
31906 6
31907 5
31915 8
31917 8
31926 0
31928 6
31929 8
31930 8
31933 6
31954 7
31955 0
31956 1
31962 1
31973 3
31975 5
31982 7
31987 0
31994 3
31997 0
32003 1
32008 1
32015 3
32023 8
32027 6
32030 0
32044 3
32045 0
32059 0
32064 1
32066 7
32067 0
32068 7
32074 6
32075 5
32077 8
32080 6
32081 0
32082 6
32088 7
32090 0
32103 0
32104 1
32105 6
32108 5
32110 1
32118 3
32132 8
32136 0
32142 5
32143 5
32148 7
32150 7
32154 7
32159 1
32160 5
32161 1
32164 1
32197 6
32211 7
32215 5
32216 3
32218 0
32233 0
32237 6
32240 6
32243 8
32248 6
32254 1
32257 0
32264 5
32266 1
32267 0
32272 3
32274 0
32280 7
32282 7
32284 7
32285 7
32293 5
32300 7
32306 8
32308 0
32310 0
32314 6
32320 5
32335 7
32341 0
32349 8
32361 0
32362 6
32369 0
32370 8
32373 7
32378 0
32380 1
32391 7
32392 5
32402 1
32404 5
32410 1
32411 0
32412 6
32420 0
32422 6
32423 5
32425 3
32428 7
32430 0
32432 0
32435 6
32440 7
32451 5
32468 3
32471 0
32482 0
32489 1
32491 7
32493 6
32504 5
32509 5
32522 0
32534 6
32536 6
32548 3
32552 1
32553 7
32554 3
32555 5
32562 8
32575 1
32586 7
32587 0
32633 7
32635 1
32652 1
32657 7
32659 0
32661 0
32672 5
32685 5
32699 6
32711 0
32712 1
32716 8
32721 0
32725 5
32733 7
32736 1
32738 8
32740 7
32741 0
32749 1
32764 3
32769 3
32770 3
32772 6
32773 3
32780 3
32788 3
32789 7
32791 0
32792 0
32798 3
32801 3
32805 3
32807 0
32808 5
32813 5
32816 0
32824 3
32833 3
32835 3
32836 8
32850 0
32855 6
32857 0
32863 3
32874 0
32881 5
32882 7
32883 1
32884 0
32886 1
32888 7
32894 6
32895 3
32897 8
32898 7
32909 7
32917 5
32918 6
32922 6
32925 1
32926 3
32928 7
32930 7
32948 7
32956 0
32957 3
32961 7
32962 1
32972 0
32976 3
32978 3
32991 0
32994 1
32999 3
33000 0
33003 0
33006 3
33007 5
33009 7
33011 0
33013 7
33018 6
33019 7
33020 7
33021 0
33044 6
33046 7
33047 0
33053 1
33057 7
33063 1
33069 6
33083 0
33086 6
33088 1
33090 0
33091 6
33093 8
33098 5
33103 0
33111 8
33116 3
33117 0
33129 7
33135 0
33146 0
33152 0
33155 7
33158 8
33159 5
33161 3
33172 3
33179 0
33181 1
33185 7
33199 3
33202 0
33203 7
33217 1
33222 7
33228 1
33232 7
33238 5
33244 6
33247 6
33256 6
33263 0
33267 5
33271 1
33279 7
33286 0
33299 7
33303 0
33310 0
33312 7
33314 1
33315 0
33317 8
33319 3
33332 6
33333 3
33334 7
33341 7
33342 7
33350 0
33360 0
33368 0
33370 7
33374 7
33376 1
33378 7
33381 6
33385 8
33395 0
33405 6
33409 5
33410 8
33411 6
33413 1
33414 0
33415 1
33420 6
33421 0
33423 3
33426 1
33431 1
33432 1
33436 6
33439 7
33444 1
33445 0
33447 0
33452 1
33459 8
33460 1
33470 6
33472 1
33479 7
33484 5
33485 7
33488 6
33497 6
33499 7
33502 0
33503 0
33504 3
33509 0
33516 0
33518 0
33520 1
33522 7
33527 7
33529 7
33530 0
33531 0
33537 8
33539 1
33541 6
33549 8
33550 0
33553 7
33554 8
33561 1
33568 1
33569 1
33580 0
33593 1
33597 7
33610 7
33618 7
33623 6
33624 1
33642 5
33643 1
33647 0
33650 1
33651 8
33654 0
33665 1
33666 7
33670 0
33673 7
33685 7
33689 7
33696 6
33701 6
33702 3
33704 6
33711 0
33714 5
33715 6
33723 3
33727 7
33730 0
33731 6
33740 7
33745 1
33747 3
33752 8
33753 7
33754 1
33759 6
33760 8
33761 8
33762 1
33763 7
33764 0
33766 1
33767 0
33773 7
33775 7
33787 6
33790 1
33794 1
33797 0
33802 8
33806 1
33819 0
33821 7
33822 0
33828 5
33838 1
33842 0
33844 7
33848 6
33853 3
33856 1
33859 1
33884 7
33885 6
33894 5
33898 1
33901 0
33902 7
33911 0
33920 7
33923 0
33926 0
33927 3
33928 1
33930 1
33946 8
33948 6
33952 5
33968 7
33975 0
33977 0
33978 5
33981 7
33988 6
33990 6
33992 8
33994 1
33997 3
33998 7
34002 0
34008 3
34011 5
34012 0
34013 6
34014 5
34018 0
34022 0
34026 0
34030 8
34033 6
34034 1
34036 0
34046 7
34067 7
34071 0
34074 3
34082 7
34092 6
34093 8
34100 8
34103 7
34104 8
34110 1
34112 3
34113 7
34116 5
34119 7
34124 0
34127 7
34139 6
34143 6
34145 1
34146 5
34151 7
34153 1
34157 6
34158 1
34160 5
34164 1
34171 8
34173 0
34186 3
34190 0
34191 7
34193 7
34195 6
34197 5
34205 1
34229 7
34230 6
34233 1
34236 5
34247 7
34253 7
34258 1
34260 7
34262 0
34267 7
34269 1
34271 1
34276 8
34277 7
34279 0
34284 8
34288 6
34294 5
34299 3
34300 1
34304 6
34305 0
34323 3
34324 6
34335 7
34338 6
34343 7
34345 5
34347 1
34348 1
34351 8
34354 5
34366 1
34367 7
34371 8
34382 3
34393 0
34396 0
34399 1
34401 7
34403 3
34406 7
34414 0
34426 1
34431 7
34442 1
34443 6
34451 3
34453 1
34458 3
34459 0
34464 7
34470 7
34481 1
34483 1
34495 0
34501 5
34511 7
34518 7
34520 7
34525 1
34526 1
34528 7
34533 1
34536 5
34540 1
34541 3
34545 5
34550 6
34557 1
34558 0
34562 7
34575 7
34578 0
34581 5
34589 7
34593 5
34597 0
34599 7
34601 0
34604 7
34605 7
34610 8
34620 0
34622 1
34640 1
34641 8
34642 7
34647 5
34649 5
34650 5
34654 0
34662 6
34663 0
34665 1
34668 7
34670 7
34681 8
34683 8
34684 6
34685 0
34686 6
34687 3
34688 7
34695 8
34698 0
34708 7
34711 0
34714 5
34717 7
34720 1
34727 7
34731 1
34735 0
34740 6
34761 0
34769 0
34770 7
34774 1
34782 7
34795 6
34798 6
34812 3
34819 7
34838 3
34839 3
34843 1
34872 1
34875 6
34877 3
34878 1
34880 3
34885 0
34886 5
34891 3
34893 8
34896 0
34897 8
34902 1
34911 1
34913 1
34916 1
34920 6
34941 3
34951 6
34961 6
34968 0
34969 7
34971 0
34973 1
34980 5
34985 0
34989 0
34998 0
34999 5
35001 6
35004 1
35005 7
35010 0
35014 8
35018 8
35029 3
35033 1
35045 7
35050 7
35054 7
35066 7
35068 1
35078 8
35080 1
35081 1
35084 8
35089 0
35090 6
35091 6
35092 5
35094 6
35095 0
35102 5
35106 1
35111 0
35112 3
35117 6
35122 7
35124 5
35130 5
35137 7
35138 1
35142 8
35146 0
35147 0
35151 7
35153 7
35161 0
35180 7
35193 3
35200 3
35206 1
35207 1
35210 8
35211 8
35213 6
35215 5
35221 6
35222 6
35233 1
35235 1
35236 8
35239 7
35240 6
35244 8
35245 5
35246 5
35260 1
35263 0
35264 1
35266 8
35267 0
35272 5
35273 3
35278 6
35280 1
35282 0
35292 5
35304 7
35309 0
35310 0
35315 8
35317 0
35318 7
35321 8
35322 1
35333 7
35334 3
35335 1
35337 0
35361 8
35371 1
35372 1
35379 1
35386 3
35387 0
35388 8
35391 0
35393 1
35398 5
35400 7
35403 0
35404 1
35413 7
35416 8
35426 7
35434 0
35438 3
35449 5
35450 7
35455 6
35456 0
35460 0
35464 5
35479 5
35480 6
35482 0
35486 0
35487 3
35494 7
35499 6
35501 3
35504 1
35506 6
35508 1
35509 0
35520 1
35521 1
35526 7
35531 1
35535 6
35542 1
35543 3
35544 0
35550 1
35555 5
35561 6
35564 7
35581 5
35583 5
35589 7
35594 0
35597 0
35598 7
35612 1
35615 6
35617 8
35622 7
35623 7
35626 0
35635 1
35636 1
35637 6
35640 3
35654 1
35656 0
35659 6
35665 0
35677 0
35683 0
35684 3
35692 1
35697 5
35700 0
35702 1
35705 1
35707 8
35709 7
35711 0
35712 3
35714 7
35719 8
35721 0
35724 7
35728 1
35734 0
35748 3
35753 1
35754 5
35759 5
35761 0
35762 3
35765 0
35767 7
35772 5
35784 7
35798 0
35804 5
35811 7
35812 7
35816 7
35826 8
35829 1
35830 6
35831 6
35834 0
35840 1
35841 0
35850 1
35852 1
35853 0
35858 0
35860 0
35869 7
35873 0
35874 0
35876 8
35883 0
35884 1
35885 8
35895 8
35901 0
35921 6
35925 7
35926 1
35927 0
35928 6
35932 3
35933 1
35936 0
35944 3
35946 7
35948 1
35958 0
35960 5
35962 7
35979 1
35991 0
35994 5
36007 0
36010 1
36013 8
36020 0
36027 5
36029 1
36034 7
36041 3
36046 1
36052 0
36053 1
36069 6
36077 5
36078 7
36083 7
36087 5
36099 1
36105 7
36106 0
36107 1
36113 5
36114 7
36124 5
36134 0
36138 0
36141 0
36151 8
36154 0
36156 7
36161 5
36164 6
36168 7
36176 6
36177 7
36185 0
36187 8
36201 0
36206 3
36212 5
36216 5
36224 3
36226 5
36228 0
36231 0
36242 0
36245 0
36248 7
36258 1
36260 7
36269 5
36274 6
36286 0
36295 8
36310 6
36312 0
36317 7
36318 6
36320 5
36323 0
36330 0
36334 1
36335 3
36336 7
36349 0
36355 0
36356 0
36357 0
36360 6
36368 6
36369 7
36374 0
36378 3
36382 0
36383 7
36400 1
36405 8
36409 7
36411 3
36413 1
36424 8
36427 0
36438 8
36441 0
36446 0
36448 5
36449 0
36450 0
36456 1
36476 5
36479 1
36480 7
36491 0
36494 0
36496 0
36521 1
36522 6
36526 8
36533 7
36537 1
36538 7
36550 1
36552 7
36554 5
36562 7
36566 7
36567 5
36576 6
36580 7
36582 6
36585 0
36587 3
36592 7
36593 1
36608 7
36610 0
36611 1
36616 0
36618 1
36620 6
36623 0
36640 1
36644 8
36656 6
36657 0
36659 1
36662 7
36665 7
36670 8
36688 6
36691 7
36695 1
36696 6
36699 0
36701 7
36703 1
36706 0
36716 6
36718 7
36719 1
36720 6
36722 8
36732 1
36733 8
36735 8
36746 8
36747 8
36748 1
36753 1
36758 8
36762 5
36765 8
36768 6
36769 3
36772 5
36778 0
36780 8
36782 3
36783 8
36790 6
36798 8
36801 0
36806 7
36809 5
36819 0
36824 7
36830 3
36833 7
36842 6
36844 1
36851 3
36853 1
36854 3
36864 8
36881 6
36882 8
36889 0
36893 8
36901 0
36907 1
36910 1
36911 8
36915 7
36918 1
36932 7
36938 1
36954 3
36957 7
36960 7
36961 5
36963 7
36966 8
36971 7
36972 0
36973 5
36978 1
36979 5
36985 8
36992 7
36997 3
37007 1
37018 7
37020 1
37027 1
37031 1
37036 8
37039 0
37040 1
37042 8
37043 1
37044 8
37048 6
37051 8
37054 0
37060 8
37062 0
37067 1
37069 7
37074 1
37076 0
37078 0
37081 1
37082 7
37089 7
37092 1
37095 5
37097 6
37109 5
37116 7
37121 0
37123 7
37130 0
37147 8
37150 7
37154 7
37155 1
37160 0
37163 5
37166 0
37168 7
37173 5
37178 0
37189 0
37194 5
37195 1
37198 0
37201 1
37202 7
37210 3
37211 7
37220 1
37226 1
37227 6
37230 7
37231 6
37233 0
37239 1
37242 1
37244 7
37246 0
37247 0
37251 5
37254 7
37259 1
37262 7
37263 5
37264 1
37272 3
37284 6
37289 6
37292 7
37296 1
37300 5
37305 0
37308 8
37328 0
37332 6
37338 3
37340 7
37345 7
37359 3
37372 6
37379 7
37380 6
37383 1
37408 5
37418 1
37425 5
37440 1
37443 1
37444 1
37458 7
37459 7
37463 7
37474 7
37485 0
37493 0
37498 3
37502 0
37503 0
37506 1
37510 5
37521 3
37527 3
37528 7
37536 1
37550 8
37551 1
37564 6
37565 8
37568 3
37570 1
37581 0
37584 5
37594 0
37603 6
37609 6
37613 0
37622 3
37623 3
37626 0
37637 7
37646 0
37650 1
37651 7
37654 6
37663 0
37665 7
37670 7
37675 5
37677 7
37678 1
37681 8
37691 7
37704 0
37705 6
37710 8
37716 7
37726 8
37740 3
37742 0
37743 1
37748 6
37753 5
37754 0
37759 6
37764 6
37768 3
37770 5
37771 8
37772 0
37773 5
37776 5
37781 0
37783 0
37787 7
37788 0
37800 7
37829 5
37840 0
37843 0
37846 6
37847 1
37849 1
37855 0
37856 0
37864 1
37868 3
37893 7
37897 7
37898 7
37900 3
37906 5
37909 0
37912 5
37925 0
37934 0
37937 1
37939 5
37941 0
37951 5
37954 7
37957 7
37961 1
37974 6
37978 0
37984 0
37994 8
38000 0
38001 0
38006 5
38012 5
38013 3
38016 0
38020 6
38024 1
38025 7
38026 6
38027 1
38029 0
38031 1
38035 1
38044 0
38052 0
38054 0
38056 1
38057 7
38058 0
38062 7
38075 1
38076 7
38079 3
38080 0
38081 8
38085 5
38098 0
38105 8
38107 8
38110 7
38113 7
38124 7
38132 1
38137 6
38138 8
38144 3
38146 7
38159 1
38166 6
38170 0
38177 1
38188 7
38202 3
38212 7
38214 8
38227 6
38234 0
38244 0
38246 5
38248 7
38249 7
38251 6
38253 3
38254 0
38255 8
38257 1
38265 7
38274 8
38275 5
38279 7
38280 1
38288 8
38289 0
38295 3
38301 8
38303 3
38317 5
38322 8
38324 1
38343 3
38355 6
38356 7
38357 1
38359 3
38361 3
38372 6
38373 3
38377 5
38386 7
38388 7
38397 6
38398 0
38401 6
38408 8
38412 8
38415 7
38420 1
38423 5
38426 1
38429 5
38430 1
38433 0
38434 0
38442 5
38443 8
38444 5
38445 5
38457 0
38460 8
38461 6
38462 6
38464 1
38469 8
38470 6
38479 0
38489 3
38498 3
38503 3
38506 8
38514 1
38521 5
38522 1
38539 7
38543 7
38545 0
38546 0
38547 0
38548 6
38551 0
38553 7
38554 8
38555 3
38564 3
38565 0
38569 1
38574 0
38579 1
38587 8
38595 7
38596 1
38598 7
38611 7
38618 0
38622 0
38627 3
38629 3
38633 0
38634 5
38638 0
38645 8
38650 1
38659 6
38671 6
38676 0
38677 6
38678 7
38682 1
38684 5
38692 3
38696 3
38697 5
38701 7
38702 5
38707 6
38708 7
38713 7
38714 7
38715 8
38716 0
38719 1
38723 6
38726 8
38728 7
38732 7
38744 1
38754 8
38761 5
38767 7
38772 0
38774 7
38775 3
38777 1
38782 0
38783 0
38788 3
38797 8
38798 7
38799 1
38817 8
38818 1
38820 1
38823 0
38834 6
38835 8
38837 7
38847 0
38850 8
38853 6
38859 3
38867 8
38874 3
38880 5
38888 3
38897 5
38906 7
38918 7
38924 3
38925 8
38926 1
38927 8
38931 5
38935 1
38937 0
38944 3
38951 5
38957 6
38960 5
38963 0
38966 3
38973 6
38978 8
38980 0
38981 0
38990 3
39004 3
39005 7
39010 6
39012 0
39023 1
39048 1
39060 0
39072 8
39073 5
39074 5
39076 0
39097 1
39099 1
39103 3
39108 5
39111 7
39131 3
39135 5
39143 7
39144 7
39145 0
39149 0
39152 5
39162 7
39185 0
39186 7
39191 8
39197 6
39204 1
39206 6
39210 8
39224 6
39226 6
39243 8
39245 0
39247 7
39255 7
39258 6
39259 7
39262 7
39263 8
39268 1
39275 1
39278 8
39288 0
39291 1
39294 5
39296 7
39297 7
39307 7
39308 0
39311 0
39313 5
39316 3
39317 8
39318 3
39319 1
39327 1
39333 1
39339 0
39356 7
39358 8
39359 1
39364 8
39366 5
39370 6
39373 1
39381 3
39383 8
39387 1
39388 7
39393 8
39397 0
39413 7
39433 8
39437 1
39446 3
39447 0
39452 6
39458 3
39461 5
39476 1
39478 0
39481 7
39490 1
39492 0
39498 7
39500 5
39506 5
39510 1
39512 6
39513 7
39515 0
39521 0
39522 1
39529 7
39533 5
39541 7
39552 5
39555 6
39558 3
39562 6
39568 6
39571 8
39572 1
39573 7
39582 7
39598 8
39603 3
39607 7
39610 0
39620 1
39621 8
39624 3
39626 7
39627 8
39631 0
39646 0
39647 3
39650 0
39652 1
39657 6
39665 5
39667 7
39675 0
39676 7
39684 8
39686 0
39694 3
39697 6
39702 8
39711 7
39715 8
39716 0
39721 1
39724 1
39730 3
39733 3
39737 1
39754 1
39757 3
39758 7
39764 1
39768 7
39769 1
39771 1
39774 0
39781 1
39782 7
39784 1
39786 0
39787 8
39790 3
39799 7
39803 7
39804 1
39807 7
39808 6
39812 7
39823 6
39825 1
39826 0
39829 7
39834 0
39837 1
39840 8
39843 1
39846 3
39849 7
39850 5
39857 0
39859 1
39868 5
39872 1
39875 0
39880 3
39885 5
39888 7
39889 6
39903 5
39906 1
39914 0
39919 5
39920 3
39924 5
39925 0
39933 1
39944 7
39954 6
39956 8
39965 1
39970 8
39972 5
39976 0
39983 0
39999 8
40000 1
40001 8
40007 5
40008 8
40019 8
40027 7
40032 0
40045 7
40046 1
40052 1
40057 5
40059 1
40064 7
40080 1
40082 1
40099 7
40101 1
40112 0
40114 3
40123 8
40125 0
40129 5
40134 0
40142 6
40155 5
40161 3
40163 0
40164 6
40166 1
40175 8
40184 1
40185 1
40189 0
40193 0
40204 1
40208 7
40209 0
40231 0
40245 0
40260 8
40261 6
40263 5
40270 8
40272 3
40276 8
40277 7
40279 1
40286 7
40290 1
40296 1
40304 5
40310 3
40314 5
40316 6
40317 0
40322 6
40324 1
40326 5
40327 0
40328 0
40336 8
40337 6
40340 7
40341 1
40344 8
40345 8
40349 0
40351 3
40354 5
40355 0
40358 1
40359 0
40364 6
40367 1
40368 8
40377 7
40381 1
40385 0
40390 7
40391 8
40396 6
40401 0
40404 5
40407 1
40408 8
40410 1
40419 3
40421 3
40422 1
40429 8
40445 8
40485 0
40488 0
40497 7
40502 7
40507 1
40510 7
40515 0
40522 7
40523 7
40528 3
40549 6
40554 1
40556 0
40558 5
40560 7
40569 1
40579 7
40584 5
40587 5
40591 7
40593 7
40615 1
40617 6
40624 5
40629 7
40630 7
40634 5
40637 7
40647 7
40651 5
40652 0
40654 0
40661 0
40662 3
40675 6
40687 0
40691 8
40701 0
40713 1
40717 3
40731 7
40736 0
40740 0
40751 1
40752 0
40759 1
40760 6
40766 1
40783 3
40796 0
40803 7
40805 8
40812 1
40816 7
40817 7
40833 1
40843 0
40844 7
40860 0
40864 8
40869 5
40870 5
40879 6
40880 1
40885 1
40889 3
40892 7
40900 0
40901 7
40906 0
40907 5
40920 6
40922 5
40923 1
40933 7
40942 7
40951 3
40957 3
40961 0
40975 0
40976 1
40985 5
40991 6
40994 0
40998 7
41001 7
41002 8
41006 1
41011 1
41015 1
41019 0
41020 5
41022 3
41040 0
41047 8
41049 6
41051 1
41057 5
41059 8
41067 1
41069 3
41085 0
41087 1
41088 6
41089 1
41093 7
41118 0
41123 7
41128 1
41132 8
41140 6
41146 0
41149 1
41163 8
41175 3
41185 7
41191 7
41193 7
41194 0
41200 0
41206 3
41210 3
41211 0
41214 0
41215 1
41216 7
41235 0
41237 7
41238 0
41243 0
41253 8
41260 6
41261 1
41265 7
41266 0
41276 1
41293 6
41304 7
41306 5
41307 1
41318 3
41319 7
41322 1
41325 0
41326 6
41331 6
41334 5
41337 7
41338 1
41343 5
41359 1
41369 5
41372 5
41376 3
41379 6
41390 7
41391 1
41396 1
41409 1
41412 5
41417 7
41421 5
41426 7
41429 8
41430 7
41432 0
41436 1
41437 7
41442 3
41454 0
41456 0
41459 0
41467 0
41472 1
41477 1
41484 0
41485 8
41490 0
41496 7
41500 7
41506 7
41508 1
41513 5
41517 7
41541 1
41544 1
41554 7
41583 3
41588 0
41589 5
41600 0
41602 1
41607 1
41609 0
41613 0
41622 6
41625 7
41637 1
41647 8
41651 0
41659 7
41660 7
41663 1
41666 1
41675 7
41677 0
41678 8
41684 6
41685 8
41692 3
41697 3
41700 7
41706 1
41709 6
41718 3
41726 7
41727 8
41740 0
41746 1
41751 0
41757 8
41772 0
41786 1
41787 1
41791 7
41799 6
41800 0
41801 6
41807 1
41810 7
41814 7
41815 5
41816 7
41831 5
41836 7
41841 7
41845 5
41846 7
41849 1
41851 0
41852 7
41854 7
41862 1
41867 8
41868 0
41876 1
41877 7
41889 8
41895 1
41897 7
41898 7
41901 1
41907 0
41908 1
41909 6
41918 5
41931 7
41936 6
41945 5
41948 1
41949 7
41953 7
41956 7
41961 7
41970 0
41974 7
41978 1
41982 7
41986 1
41987 7
41989 5
41996 1
42002 8
42004 8
42005 3
42012 5
42027 6
42032 8
42033 3
42036 7
42048 8
42058 1
42061 7
42069 0
42076 3
42077 6
42081 1
42084 5
42085 1
42094 0
42095 7
42102 1
42109 7
42113 1
42114 7
42127 1
42133 5
42144 0
42145 6
42146 7
42149 1
42150 1
42152 3
42158 0
42172 0
42176 5
42177 3
42192 5
42193 0
42196 6
42200 0
42202 8
42203 8
42215 8
42217 0
42224 1
42225 7
42232 6
42241 0
42246 1
42248 0
42252 5
42256 3
42260 1
42261 6
42262 1
42263 1
42267 0
42273 3
42275 8
42276 1
42283 0
42290 7
42291 6
42293 3
42305 1
42306 1
42307 1
42319 7
42327 6
42340 6
42347 1
42354 5
42363 3
42370 5
42375 7
42380 6
42382 5
42383 7
42389 8
42392 1
42399 0
42405 3
42407 1
42413 1
42416 6
42417 5
42422 1
42426 7
42439 0
42440 7
42445 5
42456 0
42459 6
42460 6
42465 0
42466 7
42474 5
42475 1
42476 0
42489 0
42491 3
42496 5
42517 0
42521 8
42527 6
42530 3
42531 1
42532 0
42534 8
42537 3
42566 0
42570 7
42572 0
42577 6
42590 5
42593 7
42603 7
42610 6
42615 0
42624 1
42632 1
42633 5
42637 1
42638 1
42639 0
42644 0
42652 1
42654 5
42655 1
42656 7
42661 0
42667 1
42685 7
42689 1
42695 7
42703 1
42707 1
42711 0
42715 1
42720 8
42725 7
42726 1
42734 1
42736 5
42754 0
42760 7
42766 5
42768 8
42769 7
42772 3
42776 3
42779 5
42784 0
42785 1
42786 0
42793 1
42795 7
42802 1
42805 1
42806 5
42807 8
42817 3
42823 1
42824 1
42825 5
42827 5
42832 0
42833 1
42835 8
42838 3
42839 0
42866 3
42873 6
42883 0
42887 7
42896 6
42904 7
42914 5
42917 8
42927 1
42930 5
42931 0
42938 7
42940 3
42946 3
42962 7
42967 7
42975 6
42976 1
42977 7
42987 3
42991 1
42993 0
42997 5
43000 3
43007 8
43012 0
43022 6
43025 3
43028 6
43030 7
43034 5
43036 7
43046 8
43050 1
43055 7
43056 3
43068 1
43074 6
43079 7
43083 7
43089 1
43098 1
43105 5
43113 8
43122 0
43128 7
43136 8
43139 7
43157 6
43162 0
43178 1
43182 6
43185 7
43186 1
43191 8
43192 0
43204 5
43209 3
43212 8
43213 3
43216 0
43230 7
43246 7
43248 3
43266 0
43267 1
43272 7
43277 0
43293 7
43294 7
43297 1
43301 0
43306 7
43322 7
43326 1
43330 3
43351 7
43363 0
43364 7
43365 0
43367 0
43373 6
43378 0
43381 8
43391 7
43394 1
43404 3
43416 1
43428 5
43429 8
43430 5
43437 1
43443 0
43462 5
43466 3
43467 3
43474 1
43475 0
43477 6
43479 0
43480 1
43487 5
43490 5
43495 3
43522 1
43526 3
43529 7
43538 6
43540 8
43542 0
43545 0
43546 6
43551 5
43557 7
43561 6
43566 1
43574 0
43579 7
43582 7
43583 1
43586 7
43591 1
43597 6
43598 5
43601 6
43607 0
43613 3
43618 1
43621 7
43622 8
43624 6
43626 5
43628 0
43632 7
43644 8
43645 6
43646 1
43650 7
43651 3
43655 1
43656 7
43659 0
43664 0
43667 0
43668 1
43670 0
43686 3
43688 6
43691 6
43703 3
43706 7
43707 5
43708 0
43709 0
43711 1
43718 7
43723 7
43724 7
43737 5
43738 0
43739 1
43741 7
43742 5
43745 0
43752 5
43756 7
43761 6
43765 7
43773 5
43776 5
43778 7
43780 1
43791 7
43797 1
43802 1
43803 1
43807 8
43818 1
43823 0
43825 1
43827 5
43837 6
43845 5
43847 1
43853 1
43859 1
43863 1
43866 3
43868 3
43873 0
43881 3
43888 6
43891 1
43893 1
43897 7
43900 1
43913 8
43915 7
43920 3
43931 7
43932 1
43939 8
43949 0
43950 7
43951 0
43954 1
43964 7
43970 0
43972 1
43977 6
43980 0
43987 0
44000 7
44004 1
44015 6
44020 5
44037 0
44038 0
44039 5
44044 7
44057 8
44059 8
44061 7
44066 1
44073 6
44081 7
44085 3
44093 5
44097 1
44100 8
44106 3
44107 1
44108 5
44109 1
44119 3
44122 0
44124 5
44125 7
44140 0
44145 0
44155 1
44176 0
44182 1
44190 1
44193 0
44201 1
44203 0
44207 0
44213 8
44214 3
44217 1
44222 7
44229 3
44230 0
44235 1
44236 8
44238 0
44243 0
44259 6
44261 7
44267 5
44270 7
44278 7
44280 1
44282 1
44292 7
44302 0
44304 8
44305 0
44307 0
44311 1
44315 1
44317 8
44318 5
44319 0
44320 0
44323 5
44328 0
44339 1
44342 6
44343 3
44344 0
44345 3
44359 1
44364 8
44369 0
44371 3
44374 7
44376 5
44383 5
44384 8
44388 3
44395 1
44398 7
44403 3
44404 1
44405 6
44422 6
44423 1
44427 0
44431 6
44432 3
44433 1
44438 8
44442 8
44449 1
44458 8
44466 1
44472 1
44474 1
44475 1
44486 6
44488 1
44499 1
44523 0
44524 1
44531 7
44540 0
44545 0
44547 1
44551 3
44553 7
44565 7
44566 6
44567 7
44568 0
44576 5
44577 8
44579 6
44580 0
44582 0
44583 3
44584 0
44587 7
44601 1
44604 7
44606 1
44607 7
44612 6
44613 1
44620 1
44621 5
44626 6
44640 1
44645 0
44653 0
44667 3
44668 0
44670 0
44672 8
44675 6
44676 3
44677 5
44681 8
44684 6
44686 1
44690 8
44692 1
44694 7
44703 7
44710 1
44733 6
44735 6
44742 0
44747 7
44751 1
44758 0
44773 0
44775 1
44779 6
44799 0
44821 3
44831 0
44832 3
44836 1
44847 3
44849 0
44859 5
44863 7
44867 0
44874 7
44875 0
44877 8
44896 5
44897 5
44898 5
44903 3
44904 3
44909 0
44920 1
44938 0
44940 0
44941 7
44942 7
44966 1
44967 0
44973 5
44974 7
44975 0
44976 5
44978 7
44985 6
44987 5
44988 3
44996 1
44998 3
45003 1
45006 0
45007 3
45010 0
45014 1
45016 1
45017 8
45025 8
45027 7
45032 3
45040 1
45043 3
45057 5
45067 0
45069 7
45074 0
45091 5
45093 1
45097 1
45098 6
45099 1
45100 7
45104 8
45105 1
45110 7
45111 7
45118 1
45120 0
45121 7
45128 5
45129 3
45131 0
45144 7
45147 7
45149 6
45150 7
45151 5
45154 1
45168 8
45171 7
45177 1
45181 3
45187 1
45188 0
45197 1
45205 7
45210 1
45220 6
45225 6
45245 3
45250 5
45257 3
45266 6
45268 1
45281 7
45291 1
45292 7
45295 6
45298 6
45304 0
45306 0
45314 0
45325 8
45327 8
45328 0
45331 3
45332 1
45334 0
45341 0
45342 0
45349 0
45351 5
45352 7
45353 7
45361 6
45372 8
45376 7
45386 8
45388 1
45392 6
45394 7
45399 1
45400 7
45412 0
45420 6
45422 3
45425 1
45432 7
45438 0
45440 3
45444 1
45448 3
45456 5
45461 8
45462 8
45469 3
45470 1
45471 5
45474 6
45477 3
45478 8
45484 0
45493 7
45495 1
45500 1
45506 7
45512 7
45515 7
45517 7
45525 0
45528 1
45534 6
45535 1
45537 8
45542 5
45543 6
45550 0
45555 7
45557 3
45558 0
45559 0
45560 1
45564 0
45573 1
45577 1
45578 8
45583 3
45596 7
45600 1
45605 7
45613 1
45624 7
45633 3
45634 5
45635 8
45637 6
45640 1
45641 5
45642 1
45644 7
45649 8
45662 0
45667 5
45671 1
45672 1
45686 6
45692 0
45693 6
45694 7
45699 7
45704 1
45706 8
45709 0
45714 1
45715 1
45721 7
45722 7
45727 8
45735 1
45738 0
45739 6
45746 3
45748 0
45762 3
45764 7
45766 1
45767 7
45771 8
45781 1
45783 5
45788 8
45792 1
45796 6
45799 6
45802 1
45806 6
45812 7
45819 3
45821 1
45828 3
45829 1
45832 1
45833 7
45834 1
45836 6
45843 7
45853 8
45856 1
45860 1
45879 8
45882 3
45889 6
45893 0
45899 1
45901 5
45906 1
45909 5
45912 8
45913 7
45916 7
45917 8
45922 1
45927 0
45931 5
45944 6
45950 7
45956 0
45959 1
45962 7
45963 3
45966 8
45970 6
45980 0
45983 3
45988 1
45989 3
45993 1
45997 0
45998 0
46004 1
46005 0
46014 0
46015 8
46018 7
46020 8
46024 1
46029 8
46035 3
46039 1
46040 7
46050 6
46051 1
46052 6
46053 0
46055 7
46059 1
46061 7
46062 5
46065 3
46073 6
46076 7
46091 8
46096 3
46099 1
46103 7
46122 6
46128 8
46133 7
46135 1
46143 3
46148 0
46153 7
46156 6
46157 5
46164 7
46166 1
46175 8
46181 1
46198 5
46202 0
46204 5
46209 3
46214 0
46217 3
46221 1
46223 8
46224 0
46232 5
46235 0
46243 1
46245 7
46246 3
46254 0
46276 7
46279 1
46288 3
46289 3
46290 5
46292 8
46293 0
46295 5
46306 6
46315 0
46320 6
46324 0
46346 1
46353 7
46354 5
46357 1
46363 8
46370 7
46375 1
46376 1
46383 7
46416 7
46429 6
46430 0
46433 5
46451 0
46453 8
46458 0
46468 5
46470 7
46473 6
46477 8
46478 0
46500 5
46510 3
46512 5
46524 7
46525 3
46534 3
46536 3
46541 0
46544 1
46551 8
46559 1
46562 0
46569 8
46571 5
46572 7
46580 8
46582 8
46583 7
46587 6
46590 5
46592 1
46602 6
46611 1
46614 0
46633 0
46637 0
46640 7
46641 7
46643 1
46644 7
46654 1
46662 1
46680 0
46683 0
46687 1
46691 7
46700 3
46704 8
46711 7
46713 1
46727 5
46728 0
46731 1
46744 1
46749 0
46751 8
46759 0
46770 0
46771 0
46773 7
46791 6
46792 7
46794 1
46795 0
46796 1
46798 0
46802 0
46806 7
46810 0
46811 3
46813 0
46818 7
46834 7
46843 0
46846 6
46851 7
46859 1
46860 7
46862 5
46869 7
46875 7
46876 0
46880 5
46886 5
46892 8
46894 5
46898 0
46899 3
46901 3
46910 0
46911 3
46917 8
46919 5
46921 6
46926 8
46930 3
46934 0
46935 0
46936 0
46945 0
46950 5
46953 1
46954 7
46974 6
46980 3
46981 0
47000 8
47004 7
47008 5
47014 5
47025 1
47033 1
47039 7
47050 0
47070 3
47077 8
47080 3
47082 7
47084 1
47086 1
47090 3
47093 0
47100 5
47102 0
47111 3
47114 8
47125 7
47126 7
47129 7
47137 7
47139 7
47140 0
47141 7
47147 7
47153 7
47155 7
47156 1
47158 3
47161 6
47164 8
47165 6
47166 7
47173 3
47176 0
47178 1
47183 3
47184 7
47185 7
47195 0
47200 0
47201 0
47203 3
47208 1
47210 5
47215 0
47222 6
47223 3
47230 3
47234 5
47240 6
47246 7
47252 0
47256 1
47257 7
47260 0
47266 1
47281 0
47283 6
47286 7
47288 1
47290 1
47291 8
47294 0
47295 7
47299 1
47301 7
47313 5
47316 0
47320 0
47329 0
47335 0
47337 0
47343 1
47344 7
47345 7
47348 7
47355 0
47359 3
47360 0
47361 6
47365 1
47366 7
47372 7
47379 0
47389 8
47404 0
47406 7
47407 6
47409 8
47411 0
47414 8
47418 0
47419 1
47421 0
47429 1
47434 6
47437 1
47440 3
47442 7
47445 8
47450 0
47452 0
47461 1
47466 7
47467 5
47468 0
47472 6
47484 6
47490 5
47497 6
47505 3
47506 8
47510 7
47512 1
47518 5
47527 8
47531 8
47540 1
47542 1
47552 6
47555 3
47556 7
47558 7
47569 1
47571 7
47575 7
47578 6
47585 0
47589 0
47591 7
47592 1
47603 5
47607 7
47612 8
47614 1
47624 6
47631 0
47646 8
47648 1
47661 3
47663 1
47664 7
47671 6
47675 0
47677 0
47678 0
47692 1
47700 1
47701 1
47705 5
47710 0
47712 6
47715 1
47716 7
47724 7
47725 3
47727 0
47729 3
47730 0
47731 7
47734 6
47737 5
47743 1
47750 0
47751 8
47756 6
47759 1
47760 6
47768 3
47780 8
47781 3
47784 8
47790 6
47804 5
47816 0
47817 7
47818 8
47829 8
47833 6
47834 0
47839 1
47843 8
47845 1
47848 5
47849 0
47857 7
47866 5
47886 8
47889 8
47893 3
47895 1
47900 1
47908 7
47911 3
47935 0
47938 3
47959 1
47962 6
47965 6
47966 0
47969 0
47970 5
47972 7
47981 0
47984 6
47997 5
47999 8
48004 3
48005 5
48008 7
48021 1
48036 1
48041 7
48044 8
48046 7
48050 3
48051 1
48056 3
48059 0
48063 5
48076 8
48078 1
48080 7
48083 3
48085 5
48096 0
48097 5
48103 6
48104 7
48108 0
48110 3
48111 7
48118 5
48126 1
48127 8
48132 5
48141 1
48143 7
48150 1
48153 7
48161 3
48163 7
48167 6
48173 1
48188 6
48190 6
48193 3
48196 1
48203 6
48205 0
48207 3
48211 7
48217 0
48220 3
48221 7
48238 1
48240 3
48242 0
48247 8
48250 0
48256 7
48257 0
48264 1
48268 1
48279 1
48280 0
48284 1
48285 5
48287 0
48297 8
48300 0
48302 3
48308 1
48310 1
48314 0
48315 5
48322 1
48327 0
48330 3
48335 8
48340 1
48341 3
48343 7
48353 1
48357 7
48367 7
48368 5
48370 0
48371 1
48372 8
48385 1
48386 7
48390 5
48402 5
48425 7
48426 5
48427 0
48428 0
48429 7
48439 1
48440 8
48442 1
48450 1
48453 7
48455 1
48460 6
48463 6
48466 7
48468 1
48469 8
48472 0
48474 3
48477 3
48488 7
48489 0
48490 7
48493 0
48494 5
48496 1
48503 1
48508 0
48511 6
48515 1
48519 6
48520 0
48525 6
48527 7
48529 7
48530 0
48534 8
48535 3
48539 1
48540 5
48541 8
48545 0
48547 0
48550 8
48564 1
48572 5
48583 8
48584 1
48590 1
48595 1
48601 5
48602 8
48608 0
48612 1
48613 7
48620 7
48621 7
48625 3
48627 6
48637 7
48639 1
48643 0
48648 1
48656 1
48657 5
48659 6
48669 1
48670 8
48675 1
48678 8
48684 7
48688 7
48689 7
48690 8
48694 0
48702 0
48704 3
48705 1
48706 1
48709 1
48712 0
48715 3
48720 7
48729 0
48731 7
48734 1
48737 8
48740 1
48745 0
48747 6
48749 1
48752 8
48755 8
48756 8
48757 8
48760 7
48764 0
48767 7
48770 6
48771 6
48775 3
48783 0
48784 0
48785 3
48786 3
48789 6
48792 0
48793 8
48797 3
48799 1
48802 6
48803 7
48805 8
48810 1
48811 7
48814 5
48816 1
48821 8
48822 3
48827 1
48835 0
48841 6
48842 0
48844 0
48847 0
48851 0
48852 0
48853 7
48882 3
48884 7
48889 7
48893 0
48899 1
48901 1
48902 7
48903 7
48906 0
48907 5
48920 8
48923 7
48933 5
48939 0
48942 6
48952 5
48954 1
48963 1
48967 3
48970 1
48976 5
48981 6
48986 0
48993 5
48994 0
48996 1
48998 1
49005 3
49006 0
49007 8
49008 0
49020 0
49023 7
49028 6
49034 6
49035 1
49037 7
49039 6
49041 6
49042 8
49045 1
49049 0
49061 6
49066 1
49078 5
49099 0
49105 3
49120 3
49122 1
49124 1
49125 1
49138 7
49139 7
49144 8
49152 8
49162 7
49165 8
49168 0
49173 1
49174 0
49175 7
49177 8
49179 0
49190 5
49191 8
49195 8
49206 1
49208 1
49211 1
49216 8
49217 1
49221 1
49224 0
49230 1
49232 1
49233 5
49234 1
49238 1
49247 8
49251 7
49256 0
49259 3
49261 6
49263 0
49276 0
49279 6
49289 6
49295 1
49300 1
49305 6
49308 0
49315 3
49325 5
49327 3
49334 3
49336 5
49339 0
49344 0
49354 1
49357 0
49358 8
49369 1
49370 1
49371 0
49382 6
49385 1
49388 8
49389 8
49390 7
49399 3
49404 6
49413 7
49418 6
49430 5
49444 5
49448 5
49454 7
49457 0
49459 6
49469 1
49470 7
49474 3
49477 1
49489 1
49490 0
49500 5
49510 0
49512 6
49514 3
49518 7
49520 1
49521 8
49541 3
49565 3
49572 1
49577 3
49582 5
49591 8
49598 7
49602 5
49606 7
49607 6
49609 5
49613 1
49623 6
49624 6
49628 0
49629 1
49630 7
49635 0
49644 3
49647 3
49648 7
49649 3
49651 0
49653 6
49654 8
49655 6
49656 0
49658 1
49660 0
49665 3
49668 5
49669 7
49671 0
49675 3
49685 7
49690 7
49693 0
49694 1
49698 6
49699 7
49702 1
49706 7
49707 3
49712 8
49715 3
49721 0
49724 0
49726 5
49727 7
49732 1
49734 0
49738 7
49754 6
49756 0
49758 7
49760 7
49763 7
49766 1
49773 5
49781 0
49787 1
49788 8
49790 5
49798 6
49812 7
49820 1
49826 3
49829 6
49835 5
49838 8
49845 3
49859 3
49862 6
49863 0
49868 0
49870 0
49873 1
49874 6
49876 8
49877 0
49881 0
49885 7
49890 3
49892 6
49900 5
49901 5
49907 7
49911 1
49914 0
49921 0
49929 6
49938 3
49940 5
49943 7
49952 6
49958 5
49964 3
49966 6
49985 8
49994 0
49995 0
