4 0
5 0
9 5
15 4
19 9
21 7
27 6
29 8
32 1
33 4
34 4
42 8
49 5
51 1
53 3
54 0
57 6
60 1
64 8
72 0
85 3
96 0
99 5
107 6
114 6
115 7
121 9
140 2
141 8
155 6
157 8
159 9
163 5
168 7
169 0
170 5
192 2
194 0
197 4
203 9
207 0
213 7
218 3
224 0
231 3
239 0
247 0
253 4
275 4
278 0
292 8
300 6
306 6
309 2
313 0
314 2
318 4
332 7
333 9
336 9
338 8
339 9
345 6
351 0
357 7
360 6
361 5
362 1
370 8
371 2
382 0
390 5
393 9
394 4
395 1
396 3
398 4
399 9
400 8
407 2
419 8
422 2
423 7
431 7
439 9
441 7
444 3
455 5
460 2
463 4
472 9
482 8
484 3
488 1
493 1
494 8
496 9
503 7
506 2
507 2
508 1
509 2
510 8
516 1
517 4
520 9
523 4
524 7
527 8
528 1
531 9
533 2
544 9
546 9
554 5
555 3
558 0
559 3
562 6
584 3
587 7
590 8
592 7
597 9
617 6
622 5
625 9
642 5
643 1
653 8
654 3
657 1
658 6
663 8
669 6
670 6
671 8
674 2
691 0
694 8
706 6
713 5
719 2
727 8
729 9
737 9
740 3
745 9
755 1
763 9
778 6
781 9
782 8
784 5
789 7
793 7
800 0
807 9
809 4
811 7
817 4
819 5
825 8
835 5
854 0
855 6
856 1
857 4
860 3
862 6
864 0
868 0
872 9
880 4
881 9
894 2
902 4
905 8
908 3
913 4
922 0
931 0
934 4
935 9
939 5
947 9
950 9
952 5
955 7
967 3
968 4
970 0
972 4
978 3
979 0
985 7
990 9
993 6
996 3
1001 8
1012 5
1015 0
1036 0
1037 1
1040 4
1055 5
1058 2
1060 2
1063 4
1068 9
1081 7
1086 6
1092 7
1097 8
1101 7
1104 0
1105 9
1113 5
1120 6
1124 5
1135 8
1143 7
1146 6
1148 5
1153 4
1171 7
1174 7
1178 8
1185 8
1187 7
1190 7
1201 2
1202 6
1203 9
1207 4
1208 5
1210 7
1215 0
1218 9
1219 4
1220 2
1222 2
1227 0
1232 7
1238 2
1251 5
1255 7
1272 5
1306 6
1312 5
1314 3
1330 0
1335 6
1338 5
1341 2
1342 2
1345 9
1346 5
1347 1
1355 2
1363 0
1366 9
1370 2
1372 5
1381 1
1382 3
1386 9
1396 3
1398 3
1401 1
1406 8
1413 5
1417 1
1418 6
1424 1
1427 6
1434 1
1441 4
1453 4
1454 9
1471 0
1475 5
1477 1
1478 9
1483 8
1488 6
1489 3
1490 0
1500 2
1502 1
1507 5
1508 4
1515 1
1518 0
1521 7
1526 3
1533 8
1535 0
1538 0
1542 6
1544 3
1545 3
1546 6
1550 3
1552 8
1562 3
1570 5
1577 0
1579 7
1584 8
1597 4
1605 8
1609 4
1614 5
1617 7
1621 5
1627 7
1633 9
1634 1
1635 0
1637 1
1638 4
1641 5
1643 6
1665 9
1669 4
1674 0
1676 7
1686 3
1688 4
1694 2
1696 2
1703 7
1705 6
1714 2
1727 5
1731 8
1732 2
1736 1
1742 2
1751 3
1753 4
1754 1
1757 7
1758 5
1764 9
1766 9
1770 3
1772 3
1776 3
1787 9
1790 8
1796 5
1797 1
1798 8
1803 2
1805 9
1810 1
1813 8
1817 4
1820 7
1826 0
1835 6
1844 8
1851 7
1856 5
1859 3
1866 1
1870 8
1876 7
1880 5
1881 6
1884 2
1885 6
1891 1
1892 5
1896 1
1898 1
1903 5
1907 6
1908 4
1916 8
1935 0
1957 4
1958 6
1959 4
1960 2
1962 6
1963 7
1966 7
1972 7
1978 9
1979 7
1980 3
1988 1
1993 9
1995 8
1996 1
1999 0
2000 4
2001 1
2002 9
2012 1
2032 8
2042 3
2049 3
2052 6
2054 8
2055 2
2062 0
2065 0
2067 6
2068 6
2070 1
2080 3
2081 0
2085 9
2095 5
2096 3
2099 9
2115 4
2123 8
2126 8
2130 6
2131 9
2133 0
2141 2
2147 6
2151 9
2164 1
2171 1
2173 8
2183 9
2188 8
2189 2
2195 5
2198 9
2205 2
2206 8
2211 9
2217 1
2221 3
2223 3
2234 8
2244 8
2248 0
2255 5
2259 7
2263 5
2274 1
2281 6
2282 3
2285 2
2286 8
2297 6
2301 4
2303 4
2306 2
2307 3
2313 1
2321 1
2324 6
2325 3
2327 8
2339 3
2344 5
2348 9
2352 9
2364 4
2365 2
2366 3
2375 8
2379 2
2384 4
2385 1
2400 4
2403 4
2410 0
2425 9
2428 4
2432 8
2435 1
2438 2
2439 9
2450 0
2453 2
2456 6
2460 5
2461 2
2462 1
2463 9
2467 5
2473 4
2477 9
2485 5
2488 9
2495 2
2499 4
2500 0
2505 9
2508 8
2511 9
2533 2
2534 6
2535 2
2537 2
2550 2
2552 8
2558 7
2563 1
2570 2
2573 3
2575 5
2576 4
2579 8
2584 1
2597 4
2600 7
2601 0
2607 5
2612 5
2615 8
2619 6
2624 1
2625 4
2626 9
2629 7
2630 7
2631 8
2635 6
2639 3
2641 7
2644 4
2646 7
2647 4
2649 2
2659 4
2660 3
2674 0
2678 9
2688 6
2697 7
2699 1
2708 2
2712 5
2726 8
2735 4
2737 0
2742 3
2743 6
2748 1
2761 5
2762 0
2772 1
2779 3
2790 7
2793 8
2796 1
2798 4
2804 0
2806 7
2807 7
2809 4
2814 7
2819 0
2823 2
2825 4
2833 3
2846 4
2848 7
2858 2
2872 8
2874 6
2878 6
2888 8
2890 0
2891 9
2893 8
2896 2
2903 3
2904 1
2907 5
2913 8
2922 4
2930 2
2938 1
2946 2
2954 5
2965 2
2975 9
2997 3
3000 5
3001 5
3004 3
3014 5
3018 6
3027 7
3028 0
3033 1
3034 0
3041 0
3045 3
3052 4
3058 8
3062 0
3064 1
3068 9
3075 9
3083 7
3088 4
3091 9
3098 3
3100 0
3101 1
3105 2
3106 5
3115 3
3124 1
3125 5
3126 0
3131 9
3132 8
3137 4
3138 0
3145 7
3146 4
3154 6
3165 8
3167 2
3177 0
3178 2
3181 3
3182 6
3188 2
3192 0
3195 6
3204 9
3218 5
3226 6
3229 1
3230 4
3241 9
3247 7
3248 7
3261 3
3263 8
3265 4
3267 0
3268 7
3275 6
3277 6
3282 0
3286 9
3287 9
3292 3
3298 3
3300 4
3303 8
3309 8
3313 6
3315 7
3321 9
3327 3
3328 7
3331 2
3332 3
3335 5
3336 0
3347 9
3350 4
3353 5
3357 9
3364 3
3366 7
3369 5
3373 7
3374 4
3375 8
3376 5
3379 6
3380 5
3381 6
3382 8
3384 7
3385 1
3390 8
3397 5
3400 3
3412 8
3414 0
3421 5
3422 6
3426 8
3437 0
3438 8
3442 1
3449 1
3457 0
3460 4
3468 5
3470 4
3473 5
3479 2
3488 4
3502 6
3505 0
3509 9
3515 8
3530 1
3533 1
3534 2
3537 1
3539 1
3543 5
3554 8
3557 1
3559 2
3562 3
3565 2
3573 6
3574 5
3582 5
3592 6
3593 2
3596 8
3598 8
3608 3
3610 7
3611 6
3612 2
3616 7
3617 2
3619 4
3625 9
3630 7
3632 9
3648 4
3651 4
3653 4
3657 6
3663 8
3686 8
3691 3
3692 1
3699 7
3707 8
3709 8
3710 0
3712 7
3720 5
3730 4
3733 3
3736 3
3741 7
3743 1
3748 8
3752 8
3755 1
3764 5
3765 4
3771 7
3772 6
3778 6
3792 1
3798 1
3803 3
3806 4
3808 1
3809 3
3813 7
3828 6
3832 8
3836 0
3838 8
3844 6
3848 0
3856 9
3857 7
3862 8
3869 7
3875 5
3878 5
3881 0
3883 9
3885 1
3887 2
3888 7
3892 1
3893 2
3894 5
3906 1
3916 0
3918 5
3923 4
3925 0
3928 2
3938 2
3949 2
3955 3
3966 4
3967 1
3976 8
3984 1
3998 7
4003 1
4010 6
4020 8
4022 4
4024 3
4028 8
4035 0
4042 1
4047 5
4060 0
4073 8
4082 7
4088 0
4092 1
4105 8
4126 4
4127 0
4128 5
4129 1
4136 6
4145 2
4155 0
4156 3
4166 0
4169 5
4177 9
4188 3
4193 6
4196 0
4197 6
4198 6
4200 2
4210 5
4217 6
4223 0
4227 4
4230 1
4232 9
4233 6
4236 2
4238 5
4243 5
4254 6
4257 8
4265 7
4269 5
4271 8
4278 7
4284 5
4285 0
4287 0
4290 9
4303 4
4308 7
4321 2
4340 0
4343 5
4345 6
4348 4
4358 0
4366 1
4378 2
4380 0
4381 0
4401 7
4405 4
4406 6
4411 9
4412 1
4417 0
4421 0
4429 6
4431 7
4433 0
4440 4
4444 7
4447 9
4449 7
4450 8
4451 4
4453 6
4456 8
4462 3
4480 1
4484 7
4486 8
4489 9
4491 5
4499 9
4501 5
4510 4
4518 3
4527 8
4530 8
4535 3
4536 0
4554 7
4556 2
4557 6
4567 5
4572 4
4579 2
4582 5
4583 8
4594 0
4596 8
4603 7
4619 3
4625 9
4626 2
4627 1
4628 6
4629 5
4634 7
4639 2
4641 2
4646 2
4649 2
4650 6
4654 4
4655 5
4666 3
4667 0
4671 7
4675 1
4677 2
4681 1
4683 9
4691 5
4694 0
4703 0
4705 7
4707 4
4708 5
4709 6
4711 4
4717 7
4721 4
4724 1
4729 7
4736 4
4738 9
4739 1
4740 7
4742 0
4744 1
4746 0
4752 8
4754 4
4755 2
4761 0
4772 3
4775 0
4779 6
4802 3
4811 3
4815 7
4816 9
4822 8
4826 4
4831 5
4832 2
4834 6
4845 6
4858 2
4859 0
4864 0
4869 8
4877 0
4879 7
4888 2
4892 3
4896 4
4898 2
4908 0
4909 0
4919 3
4926 8
4932 4
4935 1
4937 1
4942 4
4944 8
4946 9
4979 9
4995 1
4996 7
4997 7
4998 5
4999 3
5007 3
5008 4
5022 3
5030 1
5035 1
5036 4
5037 0
5052 8
5061 8
5062 2
5063 5
5065 2
5070 2
5074 1
5094 9
5102 4
5105 1
5111 3
5119 2
5125 7
5127 0
5131 8
5134 3
5136 6
5138 9
5139 9
5152 0
5156 1
5157 5
5162 9
5164 2
5167 6
5179 9
5182 7
5194 2
5196 2
5197 2
5199 2
5207 9
5215 5
5220 0
5221 9
5223 0
5232 9
5233 3
5237 7
5244 4
5252 4
5256 0
5262 8
5263 4
5269 3
5273 6
5284 2
5285 5
5291 7
5299 7
5305 0
5308 0
5317 8
5331 5
5344 6
5347 7
5351 6
5363 8
5393 5
5397 1
5401 9
5410 3
5411 8
5425 0
5445 9
5449 0
5453 2
5454 0
5457 2
5459 7
5460 7
5465 2
5469 3
5472 5
5484 1
5489 2
5490 2
5491 9
5498 6
5505 5
5510 6
5511 6
5516 0
5526 9
5535 2
5539 7
5541 9
5548 1
5566 8
5569 5
5574 8
5582 8
5587 2
5590 4
5592 1
5595 2
5599 1
5602 8
5603 4
5605 3
5608 9
5614 4
5615 2
5617 0
5621 8
5622 8
5624 6
5626 8
5635 3
5648 0
5651 3
5654 8
5662 8
5669 6
5677 7
5680 4
5681 1
5686 7
5689 1
5694 0
5704 0
5707 5
5723 3
5725 1
5729 6
5736 2
5737 7
5738 3
5744 6
5748 9
5752 0
5756 5
5757 4
5767 0
5784 1
5785 3
5788 4
5795 7
5798 8
5801 1
5803 2
5811 6
5818 9
5828 7
5829 8
5832 8
5834 5
5841 5
5845 5
5846 1
5847 2
5851 9
5854 5
5858 8
5863 2
5868 5
5870 2
5872 0
5874 5
5877 1
5879 0
5886 4
5887 0
5888 4
5901 6
5907 0
5924 8
5925 1
5927 3
5930 5
5939 3
5946 2
5951 4
5956 2
5959 8
5961 8
5981 6
5984 3
5997 6
6013 1
6030 5
6034 3
6035 4
6039 9
6040 1
6042 8
6045 3
6051 9
6054 9
6059 6
6063 7
6070 4
6072 5
6076 6
6077 5
6088 2
6089 9
6092 9
6094 3
6096 4
6099 1
6100 6
6102 0
6118 3
6124 8
6127 7
6138 4
6147 5
6151 5
6153 7
6156 0
6164 7
6166 8
6169 9
6171 6
6174 3
6181 7
6187 3
6190 0
6192 4
6193 4
6195 3
6197 0
6200 8
6209 6
6210 4
6218 5
6219 0
6223 7
6227 8
6245 6
6247 9
6250 5
6251 8
6275 7
6279 3
6286 7
6296 1
6303 4
6305 1
6321 5
6325 9
6326 5
6333 2
6334 8
6352 8
6355 9
6363 7
6379 4
6389 2
6398 2
6401 5
6402 2
6403 7
6406 5
6408 7
6412 2
6415 7
6427 9
6433 2
6435 4
6443 3
6446 9
6447 1
6449 2
6450 0
6453 8
6465 0
6478 7
6481 8
6493 8
6498 1
6500 2
6505 8
6511 6
6521 6
6524 2
6527 7
6528 2
6534 9
6539 3
6543 8
6545 3
6547 2
6551 9
6555 8
6557 6
6561 7
6563 4
6568 7
6569 7
6571 8
6572 9
6580 5
6589 1
6590 2
6593 1
6594 5
6616 1
6619 2
6627 6
6630 0
6631 2
6639 9
6648 9
6649 2
6651 6
6653 3
6656 2
6668 5
6680 0
6686 8
6692 3
6693 5
6696 1
6705 6
6709 5
6713 9
6715 8
6720 3
6723 3
6727 5
6734 3
6742 9
6756 5
6760 5
6761 8
6764 3
6768 2
6773 6
6775 6
6776 2
6787 7
6788 7
6790 1
6793 5
6798 7
6806 3
6807 8
6810 7
6818 1
6823 1
6825 4
6828 3
6835 3
6840 3
6841 7
6846 1
6863 6
6867 8
6873 0
6875 1
6878 0
6881 0
6894 5
6897 2
6899 5
6901 5
6905 9
6907 5
6910 8
6918 9
6920 2
6923 7
6939 7
6941 6
6942 0
6943 4
6957 8
6970 0
6971 7
6977 9
6987 5
6991 5
6994 7
6998 1
7012 2
7021 6
7029 9
7033 9
7035 0
7036 8
7041 0
7043 2
7044 3
7045 0
7048 1
7055 6
7057 9
7064 0
7070 1
7073 9
7076 2
7080 7
7087 1
7097 4
7105 4
7107 2
7109 5
7115 4
7122 2
7123 5
7125 6
7131 1
7135 3
7143 3
7155 8
7156 7
7169 1
7180 9
7186 4
7189 6
7195 1
7201 6
7213 0
7214 4
7216 9
7218 7
7219 1
7220 6
7225 1
7226 4
7229 9
7232 7
7235 1
7238 2
7239 5
7246 7
7247 3
7284 7
7289 1
7292 7
7304 6
7305 7
7310 2
7317 0
7329 7
7330 0
7335 8
7345 1
7349 8
7350 6
7352 4
7370 0
7385 7
7386 4
7390 4
7393 4
7395 1
7406 9
7413 4
7418 0
7421 0
7435 9
7439 6
7443 5
7445 6
7447 1
7457 8
7461 2
7466 5
7469 6
7479 3
7490 6
7492 2
7499 2
7509 0
7511 7
7512 0
7517 6
7530 3
7546 8
7548 3
7549 4
7566 6
7570 4
7578 3
7579 5
7583 2
7585 6
7593 6
7596 5
7602 8
7606 6
7609 7
7614 4
7615 0
7617 9
7618 4
7628 7
7629 4
7634 4
7636 1
7641 2
7642 3
7648 1
7657 8
7658 2
7662 7
7666 1
7670 6
7675 1
7681 7
7696 5
7697 7
7698 5
7701 4
7702 0
7706 1
7708 0
7709 0
7710 0
7715 8
7720 2
7721 4
7722 9
7724 1
7729 2
7730 9
7733 6
7739 7
7741 7
7743 3
7746 5
7758 6
7763 2
7767 3
7770 6
7773 6
7774 9
7775 5
7777 4
7785 0
7798 2
7801 7
7806 0
7807 8
7809 7
7811 7
7821 2
7836 3
7838 3
7850 5
7858 8
7861 5
7865 7
7869 6
7870 1
7872 8
7886 2
7888 8
7896 0
7907 2
7908 6
7909 0
7939 7
7943 6
7949 1
7954 6
7956 8
7966 0
7972 2
7974 4
7975 9
7980 8
7988 5
7991 5
8010 3
8014 0
8022 1
8023 1
8034 1
8038 5
8039 4
8041 9
8047 7
8050 5
8055 5
8059 2
8060 5
8063 0
8068 8
8073 4
8079 2
8084 6
8088 6
8089 7
8090 5
8091 0
8093 7
8097 5
8098 5
8102 8
8106 8
8110 2
8115 4
8116 6
8119 0
8123 3
8136 0
8137 7
8139 9
8144 9
8152 0
8160 3
8161 1
8163 7
8165 4
8185 9
8201 3
8205 2
8207 1
8212 5
8220 3
8221 1
8225 6
8228 2
8231 1
8235 6
8237 5
8241 8
8247 7
8251 1
8254 4
8260 5
8261 6
8271 1
8276 4
8278 3
8280 4
8283 2
8286 8
8288 0
8295 6
8298 0
8300 2
8308 9
8316 4
8317 9
8322 8
8324 1
8331 5
8338 7
8346 3
8349 6
8355 3
8356 8
8361 4
8363 7
8372 0
8374 3
8388 0
8393 6
8396 4
8397 9
8401 8
8403 6
8409 5
8416 6
8429 2
8435 2
8438 2
8439 3
8442 5
8443 6
8450 4
8452 1
8460 7
8464 3
8466 1
8467 8
8472 5
8477 3
8479 3
8480 1
8481 4
8482 4
8483 4
8490 1
8491 6
8498 8
8499 2
8503 5
8509 0
8515 9
8516 8
8519 8
8523 3
8526 4
8527 8
8533 3
8535 8
8536 0
8550 9
8553 7
8555 1
8568 8
8573 8
8585 0
8595 7
8599 8
8611 8
8614 0
8624 2
8625 6
8637 5
8641 6
8646 9
8648 2
8653 8
8655 0
8656 1
8658 0
8661 1
8663 9
8665 8
8668 7
8673 2
8679 2
8692 9
8696 3
8701 5
8702 5
8703 2
8704 4
8715 4
8717 2
8726 1
8729 1
8740 5
8744 4
8750 4
8754 6
8755 2
8762 8
8764 4
8768 1
8776 1
8778 5
8788 6
8789 8
8809 8
8814 8
8823 2
8824 9
8830 3
8833 3
8849 2
8852 4
8859 8
8860 1
8864 7
8865 4
8866 9
8872 8
8878 6
8882 3
8884 4
8889 9
8903 9
8911 7
8915 6
8922 5
8923 1
8925 7
8931 2
8935 6
8936 2
8937 2
8944 8
8956 8
8961 4
8962 4
8963 3
8965 8
8970 5
8976 9
8980 9
8984 9
8985 0
9003 1
9008 1
9012 6
9022 2
9028 2
9035 3
9038 4
9051 3
9052 5
9054 8
9056 0
9059 5
9065 0
9077 6
9081 3
9083 0
9094 0
9095 2
9096 5
9098 5
9100 1
9105 5
9106 6
9112 7
9113 0
9117 3
9129 7
9132 2
9136 2
9138 9
9142 3
9152 3
9158 4
9160 7
9163 1
9167 9
9178 6
9187 4
9192 5
9198 2
9205 8
9207 5
9214 6
9217 0
9222 9
9226 0
9228 3
9229 7
9234 2
9235 3
9238 7
9239 0
9241 5
9247 8
9251 2
9257 3
9262 2
9276 1
9279 2
9281 5
9289 3
9290 7
9295 6
9301 4
9307 0
9308 4
9310 8
9317 1
9336 2
9346 7
9349 2
9354 5
9357 9
9362 4
9364 8
9370 0
9376 6
9383 7
9386 5
9389 7
9393 9
9398 1
9404 4
9408 7
9412 0
9413 9
9420 7
9421 6
9424 2
9425 8
9429 8
9435 8
9441 1
9446 1
9449 7
9456 0
9461 1
9464 6
9475 3
9481 3
9488 3
9492 6
9503 1
9507 5
9509 7
9512 7
9521 9
9524 4
9525 3
9530 3
9536 4
9550 4
9552 0
9553 8
9554 6
9557 0
9559 9
9570 4
9576 1
9581 9
9589 5
9591 6
9594 5
9598 7
9605 5
9609 1
9624 7
9625 1
9633 2
9634 1
9636 2
9656 6
9667 7
9668 6
9669 3
9679 3
9680 7
9686 0
9690 5
9695 3
9696 2
9701 6
9705 4
9710 7
9711 1
9726 7
9729 1
9735 1
9738 0
9740 2
9745 7
9748 1
9755 0
9756 4
9761 6
9778 9
9779 8
9781 5
9786 2
9787 2
9791 8
9801 1
9802 3
9803 6
9805 8
9806 5
9811 9
9822 5
9824 1
9825 3
9829 8
9835 8
9843 0
9849 7
9857 3
9860 0
9867 0
9881 5
9883 4
9888 5
9890 5
9893 7
9896 9
9899 4
9908 6
9911 9
9920 7
9923 7
9926 3
9932 9
9934 1
9939 6
9941 4
9949 4
9953 5
9954 1
9957 2
9959 0
9968 9
9969 8
9980 9
9986 0
9988 4
9990 6
9992 3
9994 6
9998 2
10000 0
10004 6
10005 1
10010 1
10017 7
10019 0
10020 9
10032 9
10033 8
10035 3
10037 6
10039 4
10040 7
10047 3
10048 3
10050 6
10054 0
10070 4
10071 7
10076 8
10084 3
10086 3
10106 5
10107 2
10109 2
10114 0
10117 4
10119 4
10120 9
10124 6
10127 3
10130 8
10133 0
10137 6
10140 1
10144 5
10147 8
10151 9
10156 9
10159 1
10161 2
10171 5
10182 6
10186 5
10187 1
10192 1
10198 6
10202 4
10207 4
10209 5
10217 1
10219 0
10220 5
10223 8
10224 2
10228 0
10231 6
10241 9
10245 3
10249 6
10253 2
10261 0
10266 6
10281 2
10290 5
10291 8
10292 5
10294 3
10297 3
10303 1
10314 7
10319 7
10324 1
10334 2
10338 8
10360 7
10366 6
10367 3
10369 3
10372 9
10373 6
10377 8
10378 8
10379 4
10382 6
10396 4
10397 8
10399 3
10403 4
10406 1
10407 5
10411 0
10414 3
10421 6
10425 3
10429 3
10430 9
10432 8
10442 3
10447 3
10456 7
10472 6
10473 8
10477 6
10481 0
10494 2
10498 0
10500 5
10503 6
10505 0
10519 8
10530 0
10534 5
10539 1
10542 0
10556 0
10566 4
10579 5
10582 4
10585 1
10587 6
10588 9
10593 7
10606 2
10609 7
10610 8
10611 8
10617 7
10619 8
10621 1
10628 7
10637 6
10647 9
10648 0
10651 1
10685 0
10695 3
10698 4
10708 5
10722 9
10727 8
10745 6
10750 0
10752 4
10753 3
10755 4
10759 2
10761 5
10764 9
10768 7
10776 8
10795 6
10801 3
10803 2
10805 0
10812 8
10814 1
10817 0
10821 8
10824 3
10835 0
10839 7
10841 3
10848 5
10849 0
10853 9
10856 8
10872 5
10877 0
10878 6
10882 6
10883 8
10892 5
10895 6
10898 7
10899 2
10900 3
10902 8
10903 2
10908 7
10912 5
10918 9
10921 9
10923 3
10926 8
10930 7
10933 0
10934 5
10936 9
10946 4
10953 0
10958 9
10960 9
10965 1
10966 3
10970 0
10974 9
10975 6
10977 9
10979 8
10981 7
10982 7
10985 8
10987 2
10995 2
11006 4
11009 6
11014 9
11023 5
11028 6
11030 8
11032 1
11043 5
11054 2
11064 0
11069 7
11071 8
11073 9
11080 8
11083 4
11084 3
11095 6
11096 2
11097 0
11100 8
11103 8
11109 3
11122 1
11133 5
11136 6
11137 3
11141 5
11143 3
11145 7
11147 4
11149 2
11154 2
11156 2
11160 4
11161 2
11162 1
11165 2
11178 2
11179 3
11195 7
11201 5
11202 6
11203 8
11204 4
11206 1
11207 9
11226 6
11234 0
11240 3
11248 7
11257 4
11258 4
11264 3
11266 6
11267 9
11277 8
11279 2
11286 9
11295 0
11297 0
11300 9
11316 5
11317 2
11322 4
11324 7
11326 0
11329 9
11330 4
11339 4
11341 5
11346 7
11348 2
11350 2
11353 7
11381 2
11383 0
11384 0
11390 2
11391 5
11393 3
11396 2
11397 6
11398 1
11400 9
11404 9
11408 3
11409 4
11419 2
11425 9
11430 6
11440 9
11443 8
11448 1
11453 3
11459 6
11462 1
11471 1
11472 7
11487 8
11510 7
11515 9
11522 1
11524 2
11526 2
11527 4
11532 6
11534 5
11536 1
11550 5
11551 8
11556 1
11560 8
11564 3
11569 0
11578 3
11585 7
11589 4
11592 1
11593 4
11597 7
11603 8
11604 1
11605 7
11621 5
11624 9
11638 6
11643 5
11644 7
11660 0
11662 2
11668 7
11670 8
11672 1
11680 9
11682 0
11685 4
11686 7
11691 4
11692 6
11694 8
11696 2
11698 6
11704 6
11714 9
11716 1
11721 7
11728 9
11730 2
11734 1
11745 1
11753 1
11762 3
11765 6
11770 6
11772 2
11774 2
11776 3
11779 7
11785 4
11787 7
11794 4
11798 5
11805 9
11811 9
11812 6
11815 5
11827 5
11831 6
11832 1
11840 7
11841 5
11843 7
11849 3
11856 3
11861 0
11864 3
11867 7
11889 5
11890 3
11895 5
11900 2
11902 8
11903 9
11911 7
11920 5
11922 6
11923 6
11925 0
11929 3
11932 2
11934 5
11939 0
11940 9
11945 4
11946 9
11947 6
11954 9
11956 4
11968 0
11975 5
11979 1
11982 7
11992 2
11994 9
11995 8
11996 7
12009 8
12010 2
12016 6
12017 1
12018 0
12024 1
12040 4
12042 6
12060 7
12061 7
12063 5
12064 1
12071 2
12073 7
12077 3
12091 9
12095 9
12102 1
12103 1
12107 8
12111 5
12124 4
12135 0
12136 0
12137 8
12142 6
12145 2
12146 4
12148 9
12156 2
12158 0
12166 1
12168 4
12176 4
12179 3
12185 5
12194 4
12196 9
12204 8
12218 4
12228 2
12230 2
12237 2
12239 0
12240 2
12243 5
12244 1
12245 5
12249 4
12251 4
12252 8
12260 2
12261 5
12262 4
12264 6
12277 4
12285 1
12287 1
12289 4
12299 5
12305 5
12309 6
12313 6
12315 0
12316 5
12317 7
12329 2
12330 7
12335 1
12345 2
12347 4
12356 0
12364 3
12369 1
12375 7
12382 6
12383 9
12390 5
12393 5
12394 7
12396 4
12402 0
12406 6
12411 2
12413 4
12418 3
12425 3
12432 9
12433 9
12439 2
12440 5
12446 7
12450 2
12455 0
12459 8
12460 2
12462 2
12468 0
12469 7
12470 2
12472 8
12474 5
12481 5
12492 1
12493 6
12495 3
12498 5
12500 9
12501 7
12510 5
12514 7
12519 5
12520 7
12521 1
12527 1
12529 2
12530 2
12532 2
12537 4
12541 4
12548 4
12557 4
12561 6
12570 1
12582 9
12583 5
12585 0
12589 5
12594 7
12599 4
12605 1
12607 7
12608 8
12615 7
12616 7
12618 5
12626 5
12627 3
12630 9
12654 1
12655 8
12656 1
12663 3
12664 0
12665 4
12666 2
12671 6
12672 5
12675 5
12676 0
12684 2
12693 4
12702 5
12709 7
12713 4
12716 8
12726 6
12732 8
12733 2
12734 6
12744 5
12745 1
12749 2
12754 0
12757 2
12763 3
12764 1
12771 4
12776 0
12783 6
12796 7
12799 8
12807 2
12810 8
12816 0
12822 5
12833 8
12841 5
12842 4
12844 2
12851 7
12862 2
12865 2
12867 8
12870 0
12872 7
12878 0
12881 1
12882 5
12886 6
12890 6
12893 4
12894 8
12895 0
12898 3
12902 6
12907 9
12910 1
12919 8
12929 4
12935 0
12938 1
12939 3
12942 6
12952 3
12961 7
12962 7
12967 6
12969 1
12971 0
12978 2
12980 1
12986 4
12987 7
12989 4
12992 0
13001 9
13002 5
13013 2
13015 8
13019 5
13034 4
13035 8
13040 0
13041 3
13047 1
13056 3
13060 4
13062 6
13068 8
13072 3
13082 9
13092 6
13093 3
13094 9
13107 7
13108 3
13122 8
13126 0
13129 0
13135 0
13147 9
13157 5
13165 4
13169 7
13171 5
13175 6
13176 3
13180 6
13182 3
13185 7
13186 5
13192 9
13194 3
13206 1
13210 6
13215 5
13216 2
13221 5
13227 6
13228 5
13234 5
13235 8
13245 7
13247 5
13269 6
13276 7
13291 9
13298 6
13300 1
13304 3
13307 6
13308 8
13310 9
13315 4
13323 0
13340 4
13341 4
13342 7
13350 2
13354 5
13361 7
13363 3
13364 0
13370 6
13372 0
13377 5
13379 1
13381 0
13385 4
13390 0
13395 1
13396 6
13400 0
13401 4
13402 0
13406 2
13408 4
13420 7
13422 7
13425 6
13431 7
13433 2
13437 5
13442 9
13446 9
13452 2
13454 9
13455 0
13456 3
13457 3
13463 1
13468 8
13470 9
13482 2
13492 6
13493 9
13499 9
13504 0
13508 1
13525 0
13527 0
13530 8
13545 0
13546 0
13554 2
13570 2
13571 4
13578 0
13579 8
13582 3
13585 5
13588 2
13591 9
13592 7
13598 6
13600 0
13602 1
13603 6
13604 4
13618 3
13620 1
13629 4
13633 9
13636 4
13641 6
13642 6
13643 6
13648 5
13651 0
13653 7
13657 0
13671 3
13676 9
13693 3
13695 3
13704 7
13705 2
13707 9
13710 0
13717 6
13720 7
13722 7
13737 5
13739 6
13749 0
13754 9
13764 6
13778 7
13782 4
13785 6
13786 8
13798 4
13804 4
13805 6
13813 4
13814 7
13815 6
13820 4
13822 2
13824 1
13828 4
13831 9
13834 5
13846 5
13850 8
13857 6
13865 5
13866 6
13874 8
13876 6
13877 4
13883 5
13885 3
13890 9
13893 8
13894 1
13895 8
13896 8
13897 5
13898 0
13899 9
13900 5
13911 9
13913 5
13923 8
13924 6
13930 2
13938 1
13939 5
13940 2
13951 7
13958 6
13961 3
13967 6
13971 6
13975 2
13977 8
13978 2
13990 4
13995 8
14000 5
14001 8
14006 1
14019 4
14023 3
14024 6
14030 7
14050 2
14057 0
14058 7
14059 2
14068 5
14074 2
14082 0
14084 6
14088 4
14090 0
14096 1
14098 7
14102 7
14106 7
14109 4
14114 2
14115 8
14124 8
14132 1
14136 8
14145 4
14146 3
14152 7
14162 4
14171 9
14173 9
14183 6
14196 0
14200 7
14215 5
14245 4
14247 2
14256 8
14259 3
14263 0
14264 3
14267 7
14280 5
14281 7
14283 4
14286 1
14290 9
14303 7
14308 3
14312 1
14319 5
14320 0
14329 0
14338 0
14343 4
14345 0
14361 9
14368 9
14370 6
14371 8
14372 1
14377 2
14389 0
14392 7
14394 8
14395 9
14404 9
14406 0
14412 7
14413 9
14414 9
14424 9
14439 0
14444 5
14447 3
14449 7
14454 1
14459 2
14460 0
14463 1
14471 6
14483 0
14490 7
14496 1
14500 1
14501 5
14504 9
14507 4
14511 7
14514 9
14521 0
14523 0
14525 1
14532 5
14537 6
14541 5
14544 7
14548 5
14551 9
14552 8
14554 1
14556 7
14565 2
14569 5
14573 0
14575 0
14578 1
14592 7
14593 8
14599 8
14605 4
14610 2
14628 4
14630 4
14634 5
14637 2
14641 7
14646 5
14647 4
14648 1
14649 4
14652 7
14660 9
14662 5
14670 1
14671 9
14676 4
14680 4
14681 1
14682 6
14690 3
14701 3
14703 2
14705 4
14714 3
14721 7
14728 6
14735 6
14737 2
14739 3
14740 3
14741 5
14750 1
14752 9
14759 1
14761 7
14768 9
14770 3
14773 4
14776 0
14784 2
14789 3
14791 0
14794 1
14810 0
14813 4
14817 9
14819 0
14826 2
14828 1
14834 9
14838 2
14852 9
14854 0
14857 5
14863 2
14864 7
14865 3
14873 0
14875 7
14882 0
14902 8
14904 7
14907 0
14911 7
14915 6
14930 5
14933 8
14934 3
14941 9
14942 9
14944 7
14946 8
14947 8
14951 4
14956 9
14957 6
14972 2
14979 4
14980 2
14987 5
14990 0
14991 7
15005 5
15038 1
15040 9
15055 2
15061 1
15072 7
15074 8
15084 6
15099 9
15104 9
15110 5
15117 1
15119 7
15123 7
15125 8
15128 4
15129 4
15130 8
15137 8
15139 6
15142 3
15143 5
15146 3
15151 2
15155 0
15166 3
15168 3
15177 2
15180 4
15186 9
15195 2
15196 8
15201 2
15202 2
15203 2
15205 6
15213 2
15219 5
15221 2
15233 4
15254 9
15256 2
15260 4
15268 3
15272 8
15274 6
15275 1
15277 0
15278 2
15282 6
15290 5
15297 0
15304 4
15307 6
15308 6
15311 1
15322 9
15326 3
15330 6
15340 9
15341 2
15343 1
15345 7
15355 4
15358 6
15359 4
15362 5
15364 9
15377 0
15394 9
15395 9
15404 0
15420 5
15427 0
15432 6
15436 6
15442 0
15445 9
15446 0
15447 5
15451 9
15452 5
15454 4
15456 8
15457 0
15463 4
15465 0
15466 1
15468 2
15473 0
15476 6
15486 8
15487 3
15492 0
15495 3
15508 1
15511 0
15514 9
15515 0
15519 2
15520 4
15521 6
15522 5
15527 9
15532 7
15535 5
15538 6
15539 8
15541 2
15546 4
15550 9
15555 3
15557 4
15572 9
15574 9
15579 9
15580 8
15592 5
15597 6
15601 5
15605 9
15606 2
15609 5
15621 4
15622 6
15624 8
15626 5
15628 7
15629 9
15630 9
15643 1
15648 8
15649 9
15651 3
15669 9
15670 8
15674 9
15680 3
15699 8
15700 1
15708 9
15712 6
15713 7
15719 1
15721 5
15732 8
15736 4
15741 2
15742 4
15743 7
15750 0
15751 4
15753 2
15766 4
15767 3
15769 8
15770 0
15773 5
15775 8
15779 2
15782 2
15791 3
15797 2
15800 9
15802 9
15807 7
15815 5
15819 3
15820 9
15821 0
15823 9
15825 6
15829 7
15831 0
15834 8
15835 2
15839 9
15865 0
15866 8
15867 9
15870 4
15871 8
15887 7
15891 1
15892 8
15893 8
15920 5
15922 1
15927 8
15933 7
15941 0
15951 2
15952 8
15975 4
15977 2
15979 1
15980 0
15986 8
15987 1
15988 0
15990 1
15992 0
15997 1
15999 1
16000 2
16003 6
16007 5
16015 2
16024 6
16027 4
16035 2
16037 4
16039 6
16046 1
16047 1
16051 2
16055 1
16058 1
16060 3
16063 2
16070 4
16090 0
16091 6
16103 6
16110 5
16112 3
16114 9
16115 3
16116 6
16119 6
16121 1
16123 6
16125 1
16130 9
16134 4
16141 9
16145 9
16146 0
16152 0
16154 2
16162 0
16163 4
16172 6
16175 4
16180 1
16182 8
16192 3
16193 3
16200 8
16217 4
16221 5
16223 4
16224 9
16226 8
16235 8
16240 7
16241 7
16242 9
16252 6
16259 6
16261 6
16273 8
16280 0
16282 1
16287 5
16290 1
16295 1
16296 2
16306 1
16311 5
16321 6
16329 6
16333 4
16337 4
16341 3
16351 0
16352 4
16363 3
16366 8
16377 8
16386 2
16390 3
16392 8
16401 7
16404 4
16406 7
16412 7
16413 9
16420 9
16432 7
16438 1
16448 2
16449 5
16451 0
16461 9
16465 6
16467 9
16479 9
16484 0
16485 2
16488 3
16494 2
16496 1
16497 2
16510 9
16513 7
16521 4
16537 6
16538 3
16542 5
16549 0
16557 2
16560 0
16567 6
16569 0
16572 5
16573 4
16574 3
16581 9
16588 0
16590 3
16591 6
16607 4
16610 2
16614 4
16621 4
16623 9
16624 9
16626 2
16635 7
16638 9
16640 1
16642 6
16644 4
16650 3
16651 1
16656 8
16662 7
16663 8
16667 3
16668 2
16672 4
16675 6
16676 6
16679 0
16681 5
16685 8
16692 3
16693 8
16694 1
16698 1
16703 8
16705 2
16710 4
16714 1
16722 3
16724 4
16738 0
16739 4
16743 0
16747 6
16757 1
16758 5
16764 3
16765 0
16766 4
16776 4
16778 9
16779 6
16782 6
16787 0
16788 2
16790 9
16795 4
16805 3
16806 4
16807 7
16809 9
16811 5
16814 1
16819 8
16838 2
16841 4
16845 9
16848 2
16849 7
16853 3
16864 9
16865 4
16869 1
16880 7
16902 6
16906 6
16910 8
16912 7
16916 1
16919 0
16922 5
16929 8
16949 3
16958 7
16959 3
16968 2
16988 3
16990 5
16993 5
16995 2
17004 2
17005 6
17016 4
17020 3
17030 8
17033 6
17034 8
17037 2
17049 1
17052 8
17054 1
17064 7
17065 8
17067 3
17071 3
17072 4
17077 6
17080 3
17086 7
17093 8
17095 4
17096 0
17097 1
17103 2
17108 9
17109 1
17116 1
17120 6
17121 1
17122 4
17131 2
17142 5
17152 2
17153 4
17160 5
17161 3
17170 7
17179 7
17192 0
17195 3
17207 5
17211 6
17212 1
17216 9
17217 9
17220 9
17223 1
17228 4
17232 9
17233 9
17237 9
17238 7
17241 5
17247 7
17252 4
17260 8
17265 8
17267 1
17268 5
17284 6
17289 7
17292 8
17295 9
17297 9
17300 2
17307 0
17308 9
17317 0
17327 3
17330 3
17333 3
17335 2
17353 5
17358 9
17367 6
17369 3
17373 9
17376 4
17383 1
17390 8
17391 1
17393 4
17412 7
17416 1
17420 0
17427 7
17428 5
17431 7
17434 8
17437 6
17440 4
17441 8
17444 0
17451 1
17461 0
17462 0
17464 7
17468 5
17469 9
17479 0
17483 5
17489 8
17493 3
17508 5
17523 7
17532 9
17533 6
17552 1
17560 7
17561 3
17563 1
17569 2
17576 2
17577 2
17584 1
17585 2
17586 1
17588 6
17593 3
17596 0
17619 1
17624 1
17625 8
17627 9
17633 6
17640 1
17643 6
17646 4
17654 2
17655 3
17659 3
17661 6
17662 4
17666 0
17683 3
17684 9
17690 1
17698 3
17707 9
17709 1
17712 8
17715 0
17721 3
17727 8
17732 7
17739 0
17742 3
17747 3
17749 4
17752 5
17754 0
17755 5
17756 8
17765 4
17770 1
17775 5
17778 1
17792 9
17794 9
17798 2
17800 1
17806 6
17813 7
17815 8
17820 4
17825 7
17827 1
17839 5
17849 4
17850 1
17854 5
17855 5
17863 6
17865 3
17866 6
17869 9
17871 9
17873 2
17876 0
17877 5
17878 9
17885 5
17891 9
17896 1
17903 3
17905 7
17907 1
17914 5
17933 4
17945 6
17947 1
17950 1
17955 2
17959 8
17977 4
17981 8
17985 7
17997 5
18001 0
18004 9
18025 4
18030 2
18042 7
18045 7
18050 5
18055 8
18059 3
18065 5
18069 9
18074 5
18082 4
18083 4
18087 3
18095 4
18096 3
18098 9
18099 5
18102 5
18105 3
18106 1
18109 0
18119 0
18120 2
18126 1
18129 2
18137 5
18139 8
18141 6
18143 0
18150 7
18152 7
18160 6
18161 3
18164 4
18166 1
18170 4
18176 0
18177 8
18183 9
18185 1
18186 8
18188 0
18193 0
18196 0
18198 3
18205 6
18206 3
18209 8
18211 0
18213 5
18224 8
18227 4
18237 1
18249 0
18256 7
18276 7
18277 5
18281 0
18286 2
18292 2
18293 0
18296 8
18311 4
18318 5
18321 4
18328 7
18336 4
18337 7
18342 4
18347 6
18349 4
18351 7
18356 3
18360 8
18368 4
18373 2
18377 3
18383 7
18384 6
18387 1
18390 4
18402 9
18407 5
18418 3
18419 7
18420 0
18423 7
18433 9
18437 5
18438 7
18439 9
18440 1
18441 1
18444 2
18448 8
18450 9
18462 1
18466 9
18469 9
18480 7
18489 4
18494 4
18502 1
18504 3
18507 6
18513 8
18514 3
18531 1
18542 1
18545 9
18555 1
18557 3
18566 6
18575 2
18576 2
18584 2
18587 2
18589 1
18595 8
18597 2
18601 2
18611 9
18620 3
18623 2
18630 9
18649 0
18655 8
18656 3
18677 6
18683 4
18686 3
18690 5
18692 4
18696 2
18699 0
18701 7
18702 7
18714 7
18720 2
18725 9
18731 8
18746 4
18750 2
18754 4
18756 4
18758 0
18766 3
18772 3
18783 7
18791 1
18798 4
18799 0
18800 0
18818 7
18821 6
18823 9
18830 3
18834 6
18835 1
18838 7
18839 4
18844 2
18850 9
18855 7
18856 4
18860 9
18862 2
18863 6
18866 5
18870 1
18875 9
18880 5
18888 0
18893 6
18899 9
18900 1
18908 0
18910 3
18911 5
18913 8
18942 5
18945 2
18947 9
18955 2
18962 8
18963 8
18964 2
18965 5
18968 3
18973 1
18985 8
18998 3
19021 1
19027 2
19030 1
19032 3
19037 3
19041 0
19047 8
19049 1
19050 5
19053 9
19058 8
19061 3
19066 3
19078 8
19093 3
19099 6
19100 5
19107 9
19111 7
19115 4
19119 4
19131 3
19133 8
19141 2
19152 6
19158 2
19161 7
19162 7
19164 5
19171 8
19180 0
19188 3
19192 4
19200 7
19208 7
19209 1
19217 5
19219 3
19232 4
19236 7
19238 9
19242 2
19255 4
19261 4
19264 1
19266 6
19267 5
19268 8
19271 2
19274 1
19305 1
19309 4
19310 0
19314 4
19318 6
19321 7
19325 6
19330 4
19344 2
19345 3
19346 6
19347 7
19353 7
19354 6
19376 3
19382 1
19383 2
19387 4
19391 9
19396 9
19399 9
19401 3
19405 3
19406 1
19407 9
19413 0
19425 6
19427 2
19431 2
19432 7
19433 2
19434 6
19435 8
19450 9
19454 2
19455 9
19465 8
19473 4
19474 7
19475 5
19478 9
19479 5
19493 2
19499 3
19502 3
19511 6
19513 9
19523 2
19531 7
19532 3
19538 9
19542 9
19545 4
19549 1
19555 8
19560 2
19564 9
19569 4
19573 4
19574 5
19575 5
19576 4
19577 0
19582 3
19598 5
19612 2
19614 1
19642 5
19643 8
19647 0
19651 0
19652 4
19654 0
19663 6
19666 2
19671 7
19674 4
19675 2
19692 8
19695 7
19702 2
19703 2
19704 4
19705 2
19710 4
19712 2
19718 8
19729 8
19750 1
19756 2
19761 9
19779 8
19782 0
19788 7
19793 2
19801 4
19806 0
19809 2
19811 0
19817 6
19819 0
19839 9
19841 5
19844 1
19854 3
19857 4
19861 7
19865 2
19867 7
19870 0
19874 8
19875 0
19879 8
19880 4
19884 7
19890 5
19897 1
19898 1
19909 4
19915 7
19916 6
19918 0
19923 1
19926 2
19927 4
19938 6
19953 6
19957 0
19959 6
19960 6
19962 6
19969 6
19971 7
19976 8
19982 1
19989 5
19994 3
20005 9
20007 4
20011 6
20015 4
20019 2
20021 6
20022 2
20025 7
20026 8
20035 6
20038 0
20042 4
20052 5
20057 9
20058 3
20059 9
20062 2
20063 3
20070 9
20084 2
20087 8
20091 8
20095 4
20097 6
20098 0
20102 4
20111 3
20112 4
20113 3
20130 6
20136 6
20137 7
20146 8
20154 0
20159 7
20176 0
20180 5
20181 9
20184 6
20188 9
20202 2
20203 7
20205 8
20214 9
20225 8
20232 6
20238 2
20239 8
20241 7
20246 0
20249 6
20252 5
20253 1
20257 7
20259 3
20263 2
20264 8
20279 7
20282 0
20285 2
20286 5
20289 9
20290 0
20291 2
20292 2
20293 5
20296 8
20302 1
20306 3
20311 0
20320 0
20342 1
20353 7
20354 0
20357 9
20365 5
20368 6
20371 2
20381 0
20392 3
20396 2
20397 9
20398 4
20399 9
20410 7
20412 9
20420 2
20422 1
20424 1
20426 2
20427 9
20435 0
20441 5
20444 1
20451 1
20453 3
20458 1
20465 2
20474 2
20475 0
20481 7
20485 5
20487 0
20488 0
20489 5
20491 3
20492 1
20496 8
20510 7
20521 2
20532 0
20538 1
20542 6
20557 9
20558 7
20564 5
20570 8
20573 1
20579 6
20583 9
20587 6
20595 7
20602 3
20604 5
20609 4
20613 2
20616 4
20621 5
20622 0
20638 6
20649 9
20653 2
20665 7
20678 9
20688 2
20689 2
20692 0
20695 9
20696 4
20702 4
20706 9
20716 7
20717 1
20721 3
20724 8
20728 9
20729 2
20746 4
20747 0
20749 7
20751 1
20757 1
20758 0
20765 2
20767 4
20776 6
20777 5
20778 5
20783 8
20786 4
20793 8
20796 1
20798 5
20806 8
20808 0
20815 7
20816 2
20825 9
20827 5
20834 6
20837 8
20838 7
20847 3
20855 8
20856 7
20859 3
20876 0
20886 6
20892 9
20896 4
20897 6
20902 5
20916 9
20918 8
20920 0
20943 3
20945 3
20959 5
20961 5
20962 9
20963 7
20970 2
20980 3
20982 9
20985 9
20995 5
21005 4
21006 2
21012 2
21021 8
21025 6
21029 3
21032 4
21042 8
21044 1
21047 7
21050 8
21051 6
21052 8
21070 8
21079 2
21081 0
21085 7
21089 5
21105 4
21128 0
21131 1
21132 5
21146 9
21148 8
21161 4
21163 3
21169 4
21177 5
21178 8
21179 8
21185 4
21187 4
21191 4
21194 7
21197 8
21198 3
21202 4
21212 1
21226 4
21227 4
21233 2
21242 4
21243 4
21245 7
21246 9
21251 6
21263 7
21264 6
21266 6
21269 8
21270 1
21273 9
21275 8
21278 7
21282 6
21287 6
21294 7
21295 8
21296 5
21300 6
21306 2
21310 5
21311 1
21313 7
21318 9
21322 7
21324 3
21328 0
21330 2
21333 4
21339 1
21340 1
21352 6
21368 1
21372 9
21374 9
21384 7
21390 8
21391 7
21394 1
21397 2
21399 2
21400 2
21410 7
21412 3
21422 7
21430 0
21431 1
21437 8
21441 7
21443 9
21449 5
21463 0
21470 3
21472 3
21477 1
21479 7
21480 9
21487 6
21501 3
21502 8
21507 0
21508 1
21509 1
21520 8
21524 0
21526 0
21532 3
21535 8
21539 5
21540 9
21549 7
21553 1
21559 7
21573 4
21574 6
21578 8
21583 5
21586 8
21595 0
21600 9
21610 5
21616 9
21618 3
21621 1
21625 2
21627 3
21631 2
21636 9
21644 9
21648 8
21650 2
21653 8
21662 6
21664 3
21667 7
21673 2
21676 7
21678 2
21682 9
21685 3
21694 0
21697 2
21698 1
21701 6
21702 7
21707 3
21726 5
21733 8
21756 8
21761 8
21769 8
21777 2
21782 4
21785 1
21794 5
21799 1
21800 8
21810 3
21811 4
21819 1
21824 1
21827 5
21829 9
21832 8
21835 7
21836 1
21840 3
21841 8
21842 9
21844 5
21851 9
21852 9
21853 8
21854 9
21865 3
21869 0
21870 1
21871 2
21872 8
21874 2
21886 8
21890 4
21894 1
21899 7
21901 2
21906 1
21917 8
21930 9
21937 7
21955 1
21959 5
21965 2
21968 0
21970 1
21977 6
21981 9
21992 2
21996 6
22001 7
22010 7
22012 2
22023 3
22024 9
22027 9
22028 0
22031 3
22033 0
22035 7
22039 9
22045 1
22055 0
22062 3
22072 7
22084 6
22088 4
22092 3
22094 7
22101 6
22104 5
22108 5
22109 0
22114 5
22123 0
22124 3
22130 5
22142 0
22147 3
22152 8
22163 2
22165 9
22169 1
22172 5
22180 4
22182 0
22193 1
22196 1
22198 6
22200 0
22204 8
22205 8
22231 8
22234 2
22237 6
22238 1
22244 2
22246 4
22255 9
22256 1
22259 9
22260 1
22267 1
22270 2
22272 8
22282 4
22285 3
22288 1
22295 8
22301 0
22302 7
22313 9
22318 9
22319 2
22322 4
22325 0
22329 3
22344 0
22349 6
22351 3
22354 7
22374 4
22379 3
22381 7
22382 8
22383 2
22397 5
22403 4
22411 8
22414 2
22417 5
22426 4
22428 6
22431 3
22441 2
22443 5
22444 8
22446 0
22448 1
22451 9
22454 2
22459 3
22461 0
22465 8
22469 8
22472 0
22474 7
22481 0
22484 9
22485 4
22487 7
22504 4
22506 2
22511 7
22514 0
22521 8
22522 0
22523 6
22527 0
22532 6
22540 9
22545 1
22556 1
22558 4
22562 3
22564 2
22574 0
22576 1
22588 1
22589 5
22591 7
22592 5
22595 1
22602 3
22612 9
22616 0
22631 0
22636 5
22639 4
22649 8
22658 8
22659 4
22664 8
22675 8
22690 2
22694 6
22695 0
22699 2
22702 0
22713 7
22719 7
22725 2
22727 0
22731 8
22733 5
22734 4
22743 0
22751 1
22758 4
22764 4
22765 4
22773 9
22776 4
22777 8
22779 6
22782 4
22786 5
22790 3
22794 4
22799 2
22802 9
22803 0
22807 4
22808 1
22812 1
22815 5
22816 0
22818 1
22827 3
22828 9
22840 2
22844 9
22847 0
22852 5
22853 9
22862 3
22869 5
22874 4
22875 6
22883 3
22890 3
22898 7
22903 8
22913 0
22915 1
22916 5
22923 6
22931 4
22932 3
22935 1
22941 2
22943 5
22955 3
22957 5
22958 5
22960 2
22967 5
22970 2
22974 5
22979 6
22981 6
22982 8
22983 2
22986 0
22988 8
22989 4
22993 7
23003 1
23006 7
23011 7
23012 4
23016 1
23019 2
23030 1
23038 7
23041 1
23042 7
23049 4
23059 3
23060 4
23073 0
23074 1
23075 3
23084 4
23091 3
23092 6
23098 0
23110 3
23113 9
23145 4
23146 5
23148 7
23153 4
23157 5
23159 0
23165 1
23172 0
23184 3
23193 7
23197 3
23201 2
23203 3
23205 3
23210 8
23218 1
23221 0
23225 5
23227 6
23232 8
23234 1
23239 0
23240 6
23244 1
23249 7
23253 6
23264 7
23278 3
23279 0
23312 4
23316 6
23317 6
23320 3
23325 1
23327 9
23342 8
23344 1
23357 9
23360 0
23361 5
23363 7
23374 2
23380 0
23393 9
23406 4
23407 0
23410 2
23411 4
23417 5
23418 3
23421 2
23425 0
23429 1
23431 4
23436 2
23437 5
23438 7
23445 2
23449 8
23455 2
23457 5
23460 2
23468 9
23471 4
23476 5
23477 1
23481 5
23490 2
23503 5
23509 8
23510 6
23520 2
23532 7
23533 9
23535 3
23538 8
23547 5
23548 5
23564 7
23565 2
23566 1
23582 7
23585 1
23586 4
23588 7
23596 7
23597 5
23599 3
23600 8
23601 6
23606 5
23607 5
23608 2
23617 6
23626 6
23628 1
23639 9
23642 6
23643 5
23645 4
23648 9
23652 7
23655 4
23656 9
23657 2
23658 4
23664 4
23674 9
23677 1
23678 7
23681 8
23688 4
23689 2
23696 1
23703 8
23715 3
23721 8
23724 2
23728 3
23732 6
23750 1
23762 2
23763 3
23771 2
23772 3
23777 8
23780 4
23781 0
23784 6
23804 1
23815 6
23835 8
23842 4
23849 0
23871 2
23872 7
23876 3
23878 9
23882 1
23891 1
23895 7
23896 6
23897 3
23915 6
23923 8
23934 4
23942 3
23944 0
23953 6
23954 0
23956 8
23958 5
23959 5
23964 3
23971 8
23973 6
23974 1
23978 7
23982 4
23984 4
23988 0
23991 4
23994 9
23995 2
23997 8
24001 3
24002 8
24004 3
24010 9
24012 2
24016 4
24022 9
24027 4
24028 7
24031 3
24048 7
24050 9
24052 9
24057 6
24075 2
24081 9
24082 4
24085 6
24086 1
24089 1
24092 8
24093 2
24102 2
24103 3
24105 1
24111 6
24113 0
24122 0
24140 4
24151 5
24173 4
24174 2
24177 8
24180 2
24181 0
24188 6
24192 1
24204 3
24215 9
24218 0
24220 3
24223 4
24228 2
24231 8
24242 6
24243 2
24245 5
24246 9
24247 6
24257 3
24265 9
24273 6
24280 9
24281 9
24286 9
24291 8
24304 8
24311 3
24313 7
24315 3
24328 4
24344 0
24354 4
24355 3
24366 1
24374 0
24375 5
24387 5
24393 8
24394 5
24395 8
24396 9
24400 4
24401 5
24402 1
24403 8
24410 0
24413 2
24426 7
24430 8
24434 2
24436 6
24445 5
24454 8
24459 8
24462 7
24468 5
24475 1
24477 3
24483 0
24490 6
24493 8
24494 4
24498 2
24501 4
24506 1
24515 1
24521 3
24523 9
24530 0
24536 5
24538 7
24539 6
24553 9
24559 8
24561 7
24574 0
24577 4
24582 7
24586 2
24591 2
24593 7
24594 9
24611 1
24630 9
24631 9
24633 5
24636 8
24641 4
24642 7
24645 8
24649 6
24655 6
24657 3
24662 6
24663 5
24665 0
24668 1
24670 9
24672 9
24674 9
24675 3
24676 3
24680 8
24681 4
24685 2
24689 7
24691 4
24695 2
24699 0
24701 4
24711 7
24719 0
24724 0
24727 6
24728 3
24735 7
24748 0
24763 1
24771 1
24789 0
24796 1
24799 8
24801 5
24802 1
24805 4
24806 4
24807 3
24816 2
24819 3
24829 9
24830 6
24832 0
24837 4
24839 4
24840 1
24846 2
24850 2
24851 5
24870 6
24881 5
24883 3
24893 2
24895 7
24897 8
24901 7
24902 8
24903 7
24905 8
24914 6
24917 6
24923 9
24928 8
24930 0
24933 8
24936 6
24941 7
24942 6
24943 9
24944 8
24945 4
24952 3
24955 9
24958 5
24962 4
24977 8
24979 6
24983 8
24986 4
24988 4
24990 4
24995 2
24997 3
25002 6
25003 8
25007 2
25019 9
25021 6
25035 0
25036 9
25037 9
25040 3
25043 3
25050 6
25057 6
25058 0
25061 5
25065 7
25071 0
25073 5
25074 1
25082 3
25097 3
25098 7
25099 5
25101 2
25105 7
25107 4
25116 0
25122 4
25124 4
25135 7
25140 5
25142 5
25144 4
25145 3
25151 1
25156 7
25157 2
25170 6
25174 8
25179 3
25192 0
25195 8
25197 4
25203 9
25204 9
25220 6
25228 2
25230 7
25238 6
25240 7
25248 9
25250 9
25255 3
25257 1
25258 7
25259 5
25265 1
25268 7
25270 1
25271 2
25276 3
25279 5
25281 5
25287 8
25298 4
25304 9
25309 1
25323 8
25324 5
25326 4
25329 5
25337 2
25339 8
25340 1
25353 7
25356 0
25365 9
25378 4
25379 1
25383 1
25385 2
25392 5
25394 1
25396 4
25402 6
25404 4
25413 5
25416 5
25417 8
25418 5
25420 1
25424 8
25425 8
25427 7
25428 7
25433 1
25438 3
25441 7
25449 0
25450 7
25458 9
25462 3
25464 3
25465 2
25467 7
25470 5
25479 6
25501 9
25505 8
25506 3
25522 2
25525 0
25533 2
25537 9
25539 9
25547 0
25548 3
25557 2
25569 4
25572 8
25580 6
25587 5
25596 9
25598 1
25608 5
25611 8
25622 5
25625 7
25631 8
25641 3
25651 8
25657 6
25660 8
25664 3
25669 4
25672 3
25674 9
25675 3
25676 6
25679 6
25688 0
25689 6
25690 2
25691 9
25699 9
25705 6
25710 6
25714 7
25717 9
25736 6
25739 1
25742 9
25753 4
25754 3
25758 2
25767 8
25772 3
25776 6
25777 0
25784 1
25786 4
25787 1
25789 3
25790 5
25799 1
25813 6
25825 1
25827 7
25833 6
25845 4
25848 8
25851 7
25853 4
25856 4
25868 4
25872 0
25880 4
25881 4
25888 2
25890 9
25892 3
25896 0
25899 7
25900 4
25907 0
25910 8
25913 8
25915 4
25917 9
25928 7
25934 5
25938 9
25948 2
25949 2
25958 3
25960 4
25964 5
25981 6
25985 2
25999 7
26005 5
26008 2
26010 9
26011 0
26017 7
26022 5
26027 1
26030 2
26036 9
26038 1
26047 2
26063 1
26066 5
26068 9
26071 1
26075 2
26086 2
26090 8
26098 1
26109 2
26110 7
26117 8
26125 7
26126 6
26130 5
26137 0
26138 4
26139 0
26144 4
26155 4
26156 2
26157 3
26161 4
26167 3
26170 8
26172 6
26175 8
26178 4
26185 5
26187 5
26196 9
26197 9
26200 8
26204 6
26209 2
26210 8
26212 9
26214 2
26247 4
26248 6
26250 5
26253 4
26257 2
26265 3
26284 6
26285 1
26288 6
26290 7
26293 2
26314 9
26321 8
26325 5
26338 0
26339 0
26346 2
26353 4
26357 2
26384 5
26387 2
26391 7
26401 9
26403 1
26415 6
26421 1
26426 9
26430 9
26433 8
26437 0
26452 5
26462 4
26464 8
26468 7
26474 9
26476 3
26478 0
26498 9
26501 6
26502 4
26506 3
26508 5
26513 4
26523 8
26525 1
26526 5
26531 3
26534 4
26536 8
26540 4
26542 3
26546 2
26552 9
26554 7
26564 6
26572 2
26577 7
26583 4
26589 0
26592 7
26594 0
26597 8
26602 1
26617 4
26628 8
26638 9
26639 3
26647 1
26652 1
26660 6
26662 5
26664 4
26666 0
26671 9
26672 4
26677 7
26682 7
26693 8
26694 8
26698 1
26704 1
26706 4
26710 7
26712 2
26718 2
26735 9
26742 7
26748 9
26757 4
26764 5
26772 6
26776 8
26779 1
26782 1
26787 0
26794 8
26796 3
26799 7
26804 5
26805 9
26810 3
26822 8
26828 3
26830 1
26831 2
26839 7
26850 8
26856 6
26858 4
26863 0
26868 3
26881 6
26886 8
26896 0
26898 1
26907 8
26908 2
26922 2
26924 1
26929 7
26934 5
26935 4
26939 9
26951 0
26957 4
26963 1
26965 6
26981 7
26982 7
26988 5
26992 7
26998 7
27001 1
27012 8
27013 9
27016 2
27017 6
27024 5
27025 7
27030 3
27032 4
27035 6
27044 6
27045 1
27046 3
27052 3
27055 7
27077 5
27078 1
27082 1
27084 7
27097 6
27105 1
27116 5
27117 4
27118 6
27132 3
27136 9
27151 7
27153 6
27158 1
27163 0
27165 3
27167 9
27168 8
27173 9
27175 7
27176 4
27177 7
27183 6
27192 4
27198 4
27200 2
27201 0
27203 6
27206 9
27208 7
27211 4
27213 6
27219 6
27221 8
27222 0
27226 0
27229 5
27236 2
27246 8
27253 4
27267 7
27269 2
27276 2
27290 4
27304 8
27305 8
27306 3
27309 9
27313 4
27319 1
27327 1
27331 1
27333 4
27334 6
27335 3
27337 4
27339 8
27343 7
27349 1
27353 5
27369 0
27385 3
27391 2
27408 2
27411 1
27415 4
27418 4
27419 8
27420 8
27422 0
27424 4
27429 2
27439 6
27441 4
27443 8
27449 1
27453 8
27460 1
27465 8
27467 5
27473 4
27479 1
27484 0
27494 5
27516 0
27534 0
27536 5
27539 9
27540 8
27550 3
27551 2
27553 9
27557 2
27560 1
27563 3
27568 5
27577 2
27579 8
27583 5
27586 6
27602 0
27607 8
27615 6
27618 3
27620 4
27623 1
27631 8
27632 6
27633 5
27640 7
27643 1
27648 9
27664 1
27665 5
27682 8
27689 4
27692 9
27700 7
27704 2
27709 9
27710 5
27711 2
27739 5
27746 9
27758 1
27771 4
27774 0
27775 3
27777 4
27784 9
27785 4
27788 8
27791 0
27800 0
27801 4
27802 7
27806 9
27812 3
27819 0
27831 1
27839 2
27845 7
27857 8
27858 8
27860 2
27866 9
27871 7
27892 7
27896 7
27903 3
27911 4
27917 4
27918 4
27927 9
27930 6
27936 1
27941 2
27943 6
27944 2
27958 6
27960 6
27966 8
27968 6
27970 3
27971 1
27983 4
27992 2
27999 8
28004 2
28011 7
28014 9
28027 8
28028 6
28031 7
28040 7
28043 9
28048 2
28051 9
28054 6
28055 0
28068 1
28071 0
28083 4
28095 4
28097 5
28100 4
28107 9
28116 3
28119 6
28120 9
28123 3
28125 6
28127 1
28128 3
28135 2
28140 2
28142 2
28147 7
28151 7
28159 5
28164 6
28165 3
28174 9
28184 3
28187 4
28196 0
28211 7
28228 3
28231 0
28235 2
28237 3
28241 9
28242 9
28244 2
28248 0
28257 8
28263 2
28264 9
28269 8
28271 3
28272 0
28275 0
28293 6
28300 7
28302 0
28325 6
28332 9
28347 1
28350 9
28354 9
28358 3
28366 2
28367 9
28368 6
28373 5
28380 5
28381 0
28383 8
28400 7
28401 9
28406 3
28408 7
28418 2
28420 0
28426 3
28453 5
28455 5
28460 1
28462 3
28465 6
28475 3
28482 4
28483 6
28485 8
28491 4
28500 9
28501 2
28502 4
28504 9
28512 3
28514 2
28523 2
28530 7
28531 8
28532 6
28533 5
28536 8
28547 0
28556 1
28573 6
28575 1
28576 9
28581 2
28586 1
28590 6
28596 1
28599 0
28601 2
28606 0
28610 6
28613 2
28618 9
28621 0
28623 8
28629 2
28633 1
28636 6
28637 6
28640 0
28656 8
28657 2
28662 1
28667 9
28668 9
28675 1
28684 4
28691 1
28709 0
28719 0
28721 8
28725 4
28726 9
28730 1
28738 9
28746 3
28763 9
28764 0
28769 4
28778 5
28780 6
28785 1
28790 8
28793 4
28796 8
28808 3
28809 2
28812 3
28816 5
28817 4
28829 2
28834 5
28835 1
28840 0
28841 8
28863 3
28866 4
28875 7
28878 6
28881 6
28885 8
28903 4
28908 3
28909 9
28911 3
28915 9
28922 6
28923 1
28930 2
28931 6
28933 7
28943 3
28952 9
28965 9
28968 4
28970 4
28978 4
28987 5
28993 0
29006 9
29009 4
29012 9
29015 6
29022 3
29023 2
29029 5
29032 6
29033 7
29038 6
29042 6
29044 0
29049 4
29054 9
29059 9
29063 3
29067 3
29071 7
29073 2
29077 2
29078 4
29079 7
29086 2
29090 7
29091 6
29097 7
29099 4
29103 8
29106 1
29109 0
29113 6
29115 9
29120 5
29125 7
29126 8
29130 8
29131 5
29132 3
29136 1
29141 3
29160 9
29163 6
29168 5
29169 6
29204 5
29207 1
29211 8
29220 3
29227 4
29231 6
29241 2
29242 2
29249 6
29262 3
29263 9
29264 8
29274 5
29288 5
29297 1
29299 8
29300 3
29303 2
29304 7
29306 0
29312 4
29323 1
29331 4
29338 4
29340 0
29342 7
29347 3
29348 4
29350 5
29354 8
29357 6
29360 6
29363 2
29372 4
29375 9
29379 8
29382 4
29386 9
29388 5
29389 6
29393 8
29417 2
29419 9
29428 1
29430 8
29435 7
29438 3
29441 4
29444 9
29448 8
29450 7
29456 5
29459 3
29460 1
29461 5
29465 9
29467 8
29476 6
29483 4
29492 1
29493 8
29510 2
29511 3
29513 5
29515 0
29524 6
29528 3
29531 4
29532 9
29535 7
29538 4
29545 2
29558 0
29562 1
29566 1
29574 7
29576 1
29582 7
29589 9
29593 9
29598 4
29611 0
29616 4
29620 1
29623 9
29629 5
29639 2
29651 8
29658 4
29674 9
29676 8
29678 3
29681 6
29683 0
29692 2
29696 0
29699 2
29700 4
29701 5
29702 9
29705 1
29710 4
29712 8
29716 1
29722 8
29728 6
29729 5
29731 3
29734 5
29738 1
29740 2
29752 0
29758 3
29763 7
29766 2
29767 8
29768 2
29773 6
29781 1
29786 9
29796 2
29810 9
29814 7
29820 1
29821 7
29824 0
29827 0
29832 7
29843 2
29854 3
29856 7
29863 8
29874 8
29879 9
29880 5
29887 7
29891 4
29892 5
29895 7
29898 3
29899 3
29900 6
29909 7
29910 5
29919 4
29920 2
29931 7
29937 2
29938 5
29948 7
29957 5
29958 1
29964 3
29976 1
29977 2
29982 6
29984 5
30001 0
30018 8
30026 8
30036 9
30037 1
30039 0
30048 4
30052 7
30056 6
30057 7
30059 9
30062 6
30063 9
30072 9
30073 3
30082 0
30086 0
30094 3
30097 3
30100 4
30103 4
30104 2
30110 2
30116 0
30117 9
30119 8
30127 5
30128 7
30133 3
30141 3
30149 4
30154 3
30156 3
30163 5
30168 0
30175 5
30177 3
30182 0
30193 2
30207 6
30212 8
30215 9
30217 9
30218 1
30221 7
30233 3
30238 8
30246 9
30262 3
30270 7
30271 8
30274 1
30278 5
30281 0
30286 7
30287 8
30288 5
30292 6
30296 3
30298 8
30305 7
30309 5
30310 6
30312 6
30314 9
30315 3
30316 1
30317 3
30322 7
30327 7
30328 7
30330 1
30347 9
30348 2
30375 0
30382 8
30383 7
30387 3
30397 3
30406 7
30409 5
30413 7
30420 7
30430 7
30432 3
30433 6
30436 7
30442 7
30445 5
30450 3
30457 0
30458 5
30465 4
30469 2
30474 2
30481 7
30484 2
30489 4
30494 2
30499 3
30500 0
30501 3
30506 4
30513 1
30514 3
30519 4
30522 2
30527 4
30531 1
30532 0
30545 2
30548 4
30559 6
30573 5
30578 8
30581 6
30586 3
30588 2
30593 9
30595 7
30596 9
30597 3
30601 1
30603 7
30612 1
30615 5
30619 6
30620 5
30621 4
30632 2
30646 7
30648 4
30652 7
30655 1
30664 1
30669 9
30674 0
30675 9
30678 1
30680 9
30682 2
30686 2
30687 2
30688 6
30689 4
30691 0
30692 1
30698 6
30704 6
30706 4
30710 1
30715 8
30719 4
30725 1
30726 6
30731 9
30734 8
30745 4
30752 8
30753 2
30755 2
30764 1
30769 2
30777 1
30783 0
30784 6
30787 2
30795 1
30799 4
30800 9
30805 9
30806 7
30815 0
30816 2
30818 5
30829 2
30833 7
30836 0
30844 7
30848 7
30849 3
30850 1
30853 8
30856 5
30859 4
30861 7
30868 2
30873 1
30878 3
30887 5
30889 1
30906 0
30909 7
30910 7
30913 3
30926 8
30930 0
30931 3
30936 2
30940 6
30946 9
30948 3
30950 8
30954 5
30955 3
30961 1
30962 5
30972 9
30990 6
30993 5
30994 3
30995 0
30996 8
30997 5
30998 5
31003 2
31012 3
31016 6
31027 3
31028 4
31033 6
31037 1
31038 6
31045 5
31049 3
31051 0
31053 4
31054 9
31056 7
31058 4
31064 4
31071 5
31074 1
31080 3
31083 5
31084 3
31098 6
31099 2
31103 0
31104 9
31109 8
31111 2
31114 1
31116 5
31118 4
31122 1
31124 8
31125 6
31129 7
31133 7
31138 3
31141 4
31142 8
31145 2
31149 4
31155 9
31160 4
31165 4
31166 1
31167 6
31175 9
31181 0
31182 1
31185 4
31187 6
31189 9
31190 4
31197 9
31210 6
31214 8
31238 8
31240 0
31251 0
31254 0
31260 2
31275 4
31276 3
31282 1
31285 4
31292 6
31293 4
31296 6
31298 9
31304 3
31308 0
31311 7
31316 9
31317 4
31318 0
31319 7
31321 6
31326 5
31336 5
31347 1
31352 8
31362 8
31364 4
31367 7
31374 3
31380 9
31391 7
31398 9
31399 0
31409 8
31410 7
31412 9
31421 2
31435 2
31437 7
31439 4
31446 4
31449 1
31453 2
31461 9
31466 6
31471 1
31476 8
31477 7
31480 2
31483 4
31484 8
31488 1
31493 0
31503 7
31504 7
31505 4
31510 4
31511 7
31519 2
31523 3
31524 6
31528 2
31541 9
31543 8
31544 6
31557 4
31561 0
31564 2
31567 1
31572 5
31585 4
31587 7
31589 3
31602 8
31607 9
31609 9
31610 3
31618 7
31619 4
31630 3
31634 6
31637 8
31638 0
31642 6
31647 7
31650 1
31652 3
31653 1
31659 5
31660 1
31662 0
31663 9
31671 6
31672 7
31677 9
31679 0
31682 9
31684 8
31685 5
31686 6
31688 3
31693 3
31696 2
31699 3
31705 2
31709 0
31711 5
31714 4
31716 7
31717 4
31721 3
31730 1
31746 7
31750 5
31754 1
31755 1
31761 6
31773 9
31788 3
31793 7
31794 0
31796 8
31802 2
31804 3
31809 3
31813 8
31815 3
31818 2
31839 9
31850 9
31861 1
31872 9
31873 1
31884 4
31886 4
31895 5
31901 1
31911 8
31919 1
31922 0
31931 0
31937 0
31939 3
31948 1
31954 4
31955 8
31959 1
31963 4
31974 4
31975 3
31978 6
31985 5
31986 7
31993 4
32000 6
32007 9
32010 8
32018 7
32027 3
32033 8
32037 1
32038 6
32043 6
32050 7
32057 8
32061 5
32066 6
32083 7
32084 6
32086 5
32097 9
32099 3
32100 2
32103 8
32107 2
32121 9
32124 2
32125 7
32129 8
32133 3
32136 1
32144 9
32159 1
32166 3
32170 4
32174 4
32176 6
32179 5
32181 9
32186 3
32187 8
32197 1
32213 5
32217 4
32224 6
32226 8
32232 7
32234 7
32248 6
32249 9
32255 4
32258 5
32262 0
32269 4
32280 9
32291 1
32299 5
32307 7
32312 1
32320 6
32322 7
32325 7
32326 7
32327 9
32330 0
32337 6
32341 0
32343 6
32351 8
32354 3
32356 1
32359 5
32368 9
32371 1
32373 8
32379 2
32392 8
32397 7
32398 2
32399 8
32400 2
32402 0
32415 2
32424 3
32428 8
32434 3
32436 3
32439 5
32443 4
32444 3
32445 0
32446 0
32449 7
32476 8
32479 0
32480 4
32482 3
32498 3
32499 2
32503 5
32504 9
32507 8
32510 6
32511 8
32516 0
32519 3
32528 5
32540 7
32546 7
32547 7
32549 9
32551 3
32559 6
32561 0
32582 5
32583 5
32587 7
32594 0
32597 6
32598 3
32601 5
32604 7
32607 4
32608 2
32609 1
32621 7
32627 6
32632 5
32633 6
32636 5
32644 7
32646 8
32648 7
32651 9
32656 1
32658 9
32666 9
32670 5
32671 8
32678 9
32679 1
32681 3
32684 1
32686 0
32687 8
32691 4
32694 9
32715 2
32717 8
32719 7
32721 7
32723 7
32725 0
32730 9
32732 8
32733 9
32740 0
32745 0
32746 3
32753 7
32758 7
32759 6
32762 9
32765 2
32766 1
32771 4
32777 8
32789 5
32795 1
32802 3
32807 1
32820 0
32821 9
32822 3
32827 4
32834 9
32841 4
32863 4
32865 5
32871 6
32872 3
32873 8
32880 5
32885 0
32887 4
32898 8
32900 7
32909 3
32912 3
32916 2
32918 0
32919 4
32924 6
32927 4
32928 6
32930 1
32931 0
32938 1
32939 4
32940 0
32942 3
32958 3
32969 7
32970 0
32971 9
32982 2
32992 8
32994 6
33023 3
33030 8
33031 6
33036 3
33040 9
33044 8
33046 5
33051 1
33058 2
33059 7
33069 8
33072 5
33073 4
33075 0
33077 8
33085 9
33086 4
33096 0
33099 5
33100 7
33106 5
33108 1
33109 9
33118 1
33119 6
33127 8
33135 3
33136 0
33140 4
33143 9
33149 9
33151 9
33157 5
33158 0
33161 3
33171 4
33187 4
33189 1
33195 6
33206 5
33207 9
33209 2
33223 5
33224 5
33225 9
33228 4
33235 8
33238 0
33244 0
33250 9
33252 4
33255 3
33260 1
33262 8
33263 6
33270 0
33277 5
33288 4
33290 5
33292 8
33295 0
33297 9
33299 5
33300 4
33310 0
33311 5
33325 4
33328 9
33329 5
33337 3
33346 3
33347 5
33349 3
33352 5
33358 7
33360 5
33364 5
33370 8
33372 6
33378 2
33395 5
33396 9
33398 8
33401 7
33411 5
33421 9
33428 3
33433 0
33441 1
33443 7
33448 1
33449 6
33450 8
33453 1
33456 5
33458 0
33463 1
33467 6
33469 7
33471 3
33478 9
33481 9
33485 7
33487 8
33490 3
33493 1
33494 9
33496 5
33498 1
33504 9
33508 3
33516 0
33517 5
33521 2
33526 6
33528 7
33533 2
33535 2
33536 5
33539 5
33540 7
33542 7
33543 9
33544 7
33546 2
33547 7
33550 6
33551 7
33557 1
33561 2
33563 4
33564 2
33565 7
33566 6
33567 8
33569 5
33577 0
33586 4
33590 4
33594 7
33596 7
33598 6
33603 5
33604 6
33605 3
33611 6
33613 5
33614 6
33620 4
33637 9
33642 2
33648 2
33649 1
33653 2
33665 8
33669 3
33675 9
33680 3
33683 9
33689 1
33695 3
33700 0
33701 0
33710 6
33716 1
33734 1
33736 7
33737 7
33745 7
33748 4
33750 1
33753 3
33754 9
33758 5
33759 3
33760 1
33765 5
33773 3
33786 7
33787 0
33789 8
33792 2
33801 1
33804 1
33809 7
33812 1
33814 8
33818 5
33819 1
33823 5
33825 6
33837 4
33848 4
33853 2
33868 5
33873 9
33875 2
33877 1
33880 4
33883 1
33885 5
33886 1
33897 9
33907 7
33915 8
33919 5
33926 4
33938 6
33940 0
33948 2
33949 5
33952 7
33954 4
33967 0
33973 2
33974 4
33975 9
33976 8
33978 8
33979 8
33984 9
33996 4
33997 8
33998 4
34000 8
34009 0
34010 6
34013 1
34018 4
34019 9
34022 9
34035 2
34038 6
34046 2
34047 0
34050 3
34059 7
34063 5
34076 3
34080 9
34088 6
34093 4
34095 8
34097 9
34105 9
34106 8
34107 3
34113 4
34114 0
34116 8
34118 2
34120 9
34124 3
34129 0
34130 2
34134 1
34137 4
34146 7
34153 9
34168 7
34171 7
34176 1
34186 7
34217 2
34235 6
34238 2
34242 4
34244 3
34251 0
34254 6
34260 2
34261 1
34271 9
34275 0
34276 3
34284 6
34291 4
34292 7
34311 9
34321 6
34332 6
34344 2
34345 0
34347 5
34357 7
34368 3
34370 4
34372 0
34380 6
34386 5
34388 2
34401 5
34404 7
34408 5
34422 8
34434 4
34435 8
34439 7
34442 7
34444 7
34446 9
34452 6
34460 8
34463 2
34464 3
34465 4
34467 9
34470 7
34478 4
34484 2
34500 5
34506 0
34517 3
34525 5
34528 5
34529 1
34539 9
34542 2
34559 4
34564 2
34573 6
34574 1
34585 9
34590 8
34591 9
34592 2
34597 9
34599 7
34605 0
34610 6
34614 7
34621 2
34624 4
34634 0
34639 0
34641 7
34647 8
34651 9
34655 1
34661 4
34664 7
34666 4
34688 1
34697 7
34707 0
34722 2
34730 9
34740 8
34742 4
34744 5
34745 2
34752 8
34753 0
34757 2
34758 3
34759 9
34760 0
34761 8
34763 2
34765 6
34768 5
34773 3
34777 5
34780 9
34783 5
34784 5
34788 6
34790 3
34791 3
34805 2
34809 2
34816 0
34818 4
34820 4
34821 2
34824 7
34826 7
34831 9
34833 0
34844 9
34849 8
34855 5
34862 1
34873 5
34874 8
34877 1
34881 1
34882 2
34901 6
34903 9
34910 3
34911 9
34913 0
34923 1
34926 6
34927 5
34929 2
34930 6
34935 7
34939 1
34940 5
34945 9
34951 4
34955 0
34956 3
34960 2
34962 2
34964 7
34973 5
34974 5
34981 4
34985 4
34987 3
34995 3
34998 9
35009 7
35013 0
35015 1
35016 6
35025 1
35034 0
35041 7
35042 2
35049 1
35050 0
35051 7
35060 8
35061 9
35064 7
35071 4
35080 8
35083 6
35086 7
35088 2
35089 6
35104 2
35105 9
35115 7
35118 5
35119 9
35122 6
35131 7
35136 5
35138 9
35151 6
35164 8
35167 6
35173 4
35179 5
35180 8
35181 0
35185 8
35191 6
35195 1
35196 8
35198 5
35199 6
35200 8
35202 4
35209 0
35214 0
35217 9
35224 1
35230 2
35233 3
35236 3
35240 7
35241 6
35242 3
35251 5
35253 7
35259 1
35260 8
35280 2
35283 0
35287 5
35288 0
35289 5
35291 3
35296 3
35297 6
35304 1
35313 9
35315 6
35318 1
35327 4
35330 0
35337 3
35373 8
35377 5
35384 6
35389 6
35393 0
35400 4
35402 1
35403 5
35404 5
35408 3
35409 6
35412 7
35414 0
35421 3
35424 7
35425 4
35430 6
35438 3
35442 6
35445 4
35449 9
35451 3
35453 8
35456 0
35467 2
35472 1
35477 9
35483 6
35489 4
35490 6
35495 4
35497 9
35499 2
35504 5
35509 9
35510 8
35513 8
35516 0
35522 7
35523 5
35525 8
35529 5
35532 2
35541 7
35544 9
35548 3
35552 6
35557 5
35562 3
35566 5
35569 1
35576 8
35578 4
35579 4
35580 8
35588 8
35594 4
35595 6
35603 6
35610 3
35614 9
35616 6
35617 5
35629 3
35633 3
35635 3
35638 7
35642 6
35652 3
35653 6
35667 8
35674 2
35676 3
35683 2
35698 1
35699 6
35700 8
35704 5
35705 9
35706 2
35713 4
35722 5
35724 4
35734 0
35737 0
35738 1
35750 7
35752 8
35753 0
35754 2
35755 2
35757 6
35767 3
35774 8
35779 9
35780 3
35781 2
35795 3
35798 9
35801 0
35807 5
35808 5
35810 1
35816 2
35828 8
35832 4
35833 8
35837 0
35838 4
35843 6
35844 3
35857 2
35859 9
35860 5
35863 6
35893 5
35894 4
35898 8
35899 2
35904 5
35911 4
35922 3
35926 2
35934 0
35943 6
35947 1
35954 9
35964 5
35969 4
35971 6
35980 8
35983 6
35991 6
36006 0
36008 5
36020 7
36027 1
36028 5
36031 9
36032 0
36036 2
36041 6
36042 5
36051 5
36055 8
36058 1
36059 9
36061 8
36063 5
36064 0
36068 2
36069 2
36078 7
36086 4
36088 2
36090 4
36094 4
36099 1
36105 1
36110 9
36116 7
36117 0
36122 4
36123 0
36126 2
36128 5
36131 5
36132 7
36137 5
36141 5
36146 9
36148 8
36151 4
36154 7
36155 1
36156 4
36161 2
36166 7
36168 4
36178 3
36184 3
36195 4
36196 3
36198 8
36204 7
36212 6
36213 5
36220 2
36221 2
36226 9
36231 4
36237 0
36247 3
36249 6
36250 7
36267 9
36269 3
36270 4
36272 8
36275 2
36276 7
36279 3
36281 6
36285 9
36290 6
36291 7
36293 0
36300 6
36301 5
36303 8
36304 5
36306 7
36313 5
36317 0
36327 2
36328 9
36333 8
36342 3
36344 3
36347 7
36351 1
36352 4
36354 1
36357 6
36362 4
36363 0
36368 0
36369 8
36370 5
36373 5
36393 1
36398 8
36400 6
36406 8
36409 5
36416 0
36419 0
36426 2
36432 3
36436 2
36443 4
36445 5
36447 8
36448 2
36451 6
36460 0
36464 0
36465 3
36467 9
36471 7
36472 2
36478 2
36480 3
36482 8
36488 4
36490 1
36492 6
36494 0
36502 4
36504 5
36508 6
36513 4
36527 9
36529 9
36530 0
36541 3
36550 3
36557 7
36562 3
36571 5
36576 9
36593 2
36595 7
36600 7
36601 0
36604 5
36612 3
36624 4
36625 1
36628 6
36629 4
36632 6
36641 6
36645 8
36646 7
36647 8
36657 3
36658 7
36663 1
36664 8
36667 6
36670 3
36676 9
36677 4
36683 7
36685 2
36686 7
36688 0
36689 2
36690 3
36699 5
36702 3
36705 1
36706 8
36708 0
36715 1
36749 6
36754 5
36759 1
36760 4
36761 7
36769 7
36777 5
36778 1
36781 0
36789 1
36792 8
36799 4
36800 6
36802 0
36805 5
36808 1
36809 6
36813 5
36814 3
36817 1
36818 0
36820 0
36822 5
36823 0
36829 8
36840 0
36841 8
36850 2
36855 1
36856 4
36862 1
36866 9
36875 8
36878 9
36881 6
36882 0
36886 2
36890 9
36893 4
36897 6
36899 2
36903 1
36918 3
36919 9
36923 4
36924 9
36930 8
36931 7
36932 8
36934 0
36935 9
36938 8
36944 3
36948 8
36949 9
36956 1
36957 7
36968 1
36971 1
36977 6
36980 7
36986 0
37000 5
37001 3
37002 3
37005 8
37007 0
37009 5
37015 4
37029 1
37035 1
37039 7
37048 3
37058 0
37067 9
37084 1
37087 7
37096 2
37097 0
37101 1
37108 8
37110 6
37114 3
37117 5
37125 9
37127 2
37128 8
37129 5
37136 9
37139 4
37145 9
37150 2
37154 6
37171 0
37183 1
37186 9
37190 5
37200 5
37201 0
37203 1
37208 1
37210 8
37211 5
37218 6
37219 4
37223 5
37232 1
37237 8
37240 2
37241 5
37242 3
37243 5
37245 8
37246 1
37252 8
37254 8
37255 1
37262 7
37272 8
37273 6
37274 6
37276 7
37280 4
37284 2
37291 6
37299 5
37304 2
37306 5
37308 1
37314 6
37315 1
37324 8
37325 4
37332 9
37341 2
37361 7
37374 5
37377 9
37378 8
37379 5
37386 1
37388 4
37391 5
37393 6
37398 7
37407 4
37412 9
37416 5
37427 6
37430 5
37444 6
37446 0
37447 2
37463 0
37473 8
37479 0
37491 8
37513 8
37520 4
37522 0
37523 2
37526 1
37532 7
37533 4
37536 9
37537 8
37548 7
37552 4
37559 8
37560 3
37570 4
37571 9
37583 9
37584 7
37590 9
37594 5
37595 0
37599 5
37616 9
37620 8
37621 1
37622 4
37623 3
37628 7
37638 5
37651 3
37654 5
37657 8
37660 0
37661 6
37662 4
37667 9
37669 3
37676 6
37677 5
37679 7
37685 1
37690 3
37698 4
37709 2
37715 6
37718 6
37720 8
37724 8
37728 4
37733 9
37736 0
37741 7
37742 9
37743 2
37744 6
37750 5
37757 4
37764 5
37769 3
37776 4
37778 9
37781 1
37783 2
37793 8
37796 9
37802 6
37803 6
37806 7
37810 2
37811 1
37812 1
37815 8
37824 3
37830 7
37831 0
37835 8
37836 4
37839 5
37845 0
37851 8
37864 9
37883 8
37887 6
37890 1
37891 6
37899 5
37900 0
37901 8
37908 4
37919 5
37922 9
37925 9
37926 4
37935 6
37941 9
37946 3
37948 8
37953 0
37956 9
37965 4
37971 0
37972 7
37981 4
37982 8
37984 6
37987 9
37991 1
37992 7
37994 0
37996 9
37999 4
38007 2
38015 9
38021 8
38022 1
38025 8
38027 3
38029 9
38035 3
38038 4
38039 7
38045 7
38050 4
38054 7
38059 7
38064 1
38068 0
38069 8
38078 2
38082 2
38091 5
38101 3
38102 1
38107 3
38112 6
38118 9
38125 0
38128 5
38129 7
38135 3
38139 7
38140 9
38144 1
38146 7
38157 6
38160 9
38164 7
38182 3
38186 3
38191 3
38194 6
38202 4
38204 7
38206 9
38212 5
38223 4
38232 3
38234 4
38236 9
38238 8
38240 6
38244 8
38251 6
38256 0
38265 8
38268 4
38270 3
38272 7
38277 1
38278 9
38282 5
38284 4
38292 9
38309 4
38312 4
38314 6
38318 1
38323 3
38325 0
38332 5
38333 1
38334 9
38337 0
38339 4
38348 7
38351 0
38352 5
38354 3
38361 0
38364 3
38404 7
38409 1
38411 8
38417 9
38438 0
38440 4
38449 7
38459 0
38466 0
38476 4
38480 0
38481 1
38482 3
38489 5
38491 1
38496 5
38498 8
38500 3
38501 2
38525 9
38532 2
38534 8
38537 3
38543 0
38548 8
38550 4
38552 8
38556 8
38560 7
38562 1
38568 6
38570 8
38577 5
38578 3
38581 6
38590 4
38600 4
38603 8
38614 5
38617 1
38619 3
38630 3
38635 9
38646 1
38647 1
38648 6
38655 0
38661 8
38663 2
38671 8
38673 8
38676 2
38678 8
38685 5
38686 9
38687 2
38692 2
38709 8
38721 5
38722 8
38735 9
38745 2
38753 6
38757 0
38758 0
38764 2
38768 0
38770 6
38772 0
38773 6
38775 9
38776 2
38777 9
38779 0
38784 6
38790 0
38798 5
38799 0
38803 4
38814 6
38821 8
38829 0
38832 9
38833 5
38836 2
38841 1
38842 9
38844 4
38845 2
38848 3
38865 1
38866 8
38873 7
38874 4
38891 0
38892 9
38897 1
38901 0
38903 8
38905 1
38908 8
38911 3
38913 6
38916 1
38918 6
38919 0
38921 5
38924 3
38926 1
38927 3
38929 2
38930 0
38931 0
38932 9
38937 7
38938 8
38939 7
38940 4
38946 0
38950 0
38952 9
38953 5
38955 3
38960 5
38962 0
38963 5
38966 2
38978 5
38980 9
38985 4
38989 3
38991 5
38996 2
39012 8
39022 8
39034 5
39041 1
39043 2
39046 2
39051 2
39055 9
39056 7
39061 8
39062 3
39069 2
39097 4
39104 5
39112 4
39114 0
39115 6
39122 1
39126 0
39135 1
39140 4
39148 4
39149 3
39152 8
39163 2
39178 7
39180 3
39183 1
39186 8
39187 3
39196 4
39199 4
39200 7
39201 0
39205 9
39207 4
39215 0
39217 0
39221 4
39227 7
39246 9
39253 9
39256 7
39261 5
39266 2
39268 5
39269 0
39271 8
39274 0
39288 2
39294 6
39301 9
39303 9
39311 8
39312 0
39320 7
39321 9
39332 0
39349 5
39361 4
39362 7
39368 7
39370 7
39371 2
39374 7
39400 3
39412 5
39422 0
39440 8
39453 5
39457 3
39473 9
39474 9
39480 2
39482 6
39483 1
39491 1
39500 3
39501 6
39503 8
39505 9
39514 0
39515 9
39535 0
39538 8
39543 6
39554 1
39556 9
39563 6
39566 4
39577 4
39581 0
39584 3
39585 4
39588 4
39593 9
39599 8
39600 5
39606 3
39607 1
39618 3
39621 8
39622 5
39624 0
39631 8
39632 5
39635 6
39652 2
39669 6
39683 0
39692 7
39697 9
39700 6
39711 0
39723 2
39729 0
39737 4
39744 1
39745 6
39749 3
39753 6
39757 9
39770 6
39774 0
39775 1
39779 6
39781 7
39784 9
39785 2
39795 5
39808 2
39811 1
39814 4
39822 6
39825 2
39827 7
39831 9
39834 5
39835 0
39836 0
39838 6
39855 0
39857 2
39858 9
39859 1
39865 6
39867 7
39870 4
39872 7
39883 7
39888 7
39889 6
39890 7
39891 4
39894 5
39898 7
39903 2
39911 8
39919 0
39927 3
39933 5
39938 3
39945 7
39955 4
39960 3
39962 5
39976 1
39983 7
39986 7
39987 9
39988 8
39998 6
40004 7
40024 3
40028 3
40030 1
40033 9
40034 3
40046 0
40051 9
40059 5
40064 2
40068 3
40070 3
40082 3
40086 2
40094 9
40099 0
40110 8
40114 1
40126 3
40132 2
40136 2
40147 7
40153 7
40167 3
40169 1
40170 7
40175 5
40187 2
40188 7
40189 0
40190 3
40193 5
40200 6
40201 2
40202 6
40206 2
40210 3
40236 5
40237 4
40239 1
40243 2
40257 3
40265 5
40267 9
40280 4
40283 5
40284 3
40292 9
40299 4
40301 9
40303 6
40306 1
40316 2
40317 4
40318 7
40322 3
40334 9
40335 2
40341 3
40345 7
40351 7
40354 7
40356 0
40358 3
40372 3
40377 3
40389 7
40392 5
40393 1
40395 7
40398 0
40403 2
40407 5
40409 2
40414 3
40415 4
40418 7
40422 9
40425 5
40426 1
40431 1
40444 7
40453 7
40456 3
40458 0
40460 8
40461 0
40469 3
40475 1
40478 2
40488 0
40495 5
40500 8
40503 7
40506 7
40507 0
40510 6
40511 7
40512 1
40514 6
40517 0
40523 5
40524 9
40527 9
40530 4
40535 1
40538 1
40552 4
40553 5
40554 1
40560 6
40562 0
40578 9
40580 8
40581 5
40585 0
40586 7
40587 9
40592 0
40594 9
40596 0
40601 4
40603 6
40604 7
40606 4
40607 9
40608 6
40621 2
40639 9
40647 0
40657 6
40662 0
40664 9
40668 2
40671 7
40678 6
40679 2
40680 8
40683 4
40689 2
40691 0
40693 3
40698 4
40710 7
40717 6
40721 6
40727 7
40731 8
40732 8
40734 6
40748 0
40749 6
40754 4
40755 0
40756 3
40759 9
40775 7
40791 8
40795 8
40796 2
40805 0
40821 5
40826 5
40833 1
40839 4
40848 4
40852 8
40857 0
40860 1
40865 7
40869 5
40871 9
40873 3
40877 2
40881 8
40891 6
40894 0
40895 9
40900 3
40904 9
40905 5
40907 8
40917 5
40928 7
40931 9
40938 3
40944 4
40950 1
40952 3
40955 9
40961 5
40965 3
40966 1
40975 2
40976 1
40977 0
40978 9
40980 2
40981 8
40983 4
40987 4
40993 4
41004 9
41011 4
41024 0
41025 5
41026 8
41037 1
41038 0
41040 9
41055 9
41062 2
41064 0
41065 9
41067 7
41068 7
41078 4
41081 0
41082 6
41083 7
41084 6
41092 6
41097 2
41100 1
41101 3
41127 9
41128 4
41137 3
41139 2
41153 7
41155 0
41156 6
41157 8
41165 5
41176 5
41180 7
41182 5
41183 7
41188 6
41192 6
41193 0
41199 2
41209 4
41210 5
41217 9
41230 0
41237 9
41240 8
41241 0
41242 3
41245 9
41250 5
41255 5
41256 5
41257 4
41262 6
41263 8
41265 4
41266 2
41270 5
41282 0
41284 2
41290 9
41296 0
41300 6
41303 0
41309 1
41312 9
41320 8
41336 7
41339 6
41340 8
41343 0
41344 5
41347 6
41351 8
41353 9
41356 2
41359 8
41360 1
41361 0
41375 8
41382 0
41383 1
41384 2
41386 8
41387 3
41393 3
41398 6
41400 0
41404 9
41410 6
41422 8
41430 4
41436 8
41445 4
41447 5
41448 2
41450 0
41454 2
41467 2
41479 3
41485 0
41488 3
41492 9
41494 7
41496 7
41497 9
41502 7
41511 5
41514 8
41524 9
41533 9
41540 1
41546 1
41559 5
41563 3
41564 1
41566 3
41567 4
41574 8
41587 0
41590 2
41599 9
41601 2
41602 0
41609 2
41613 3
41621 3
41626 5
41628 7
41631 8
41638 8
41641 2
41642 1
41643 0
41650 8
41651 8
41654 1
41656 8
41663 2
41664 1
41666 1
41667 6
41669 0
41670 4
41678 3
41692 3
41700 3
41712 0
41718 5
41725 6
41726 4
41734 7
41739 1
41740 7
41741 0
41759 2
41770 4
41775 0
41777 3
41785 4
41786 7
41789 4
41794 4
41828 8
41838 8
41840 0
41844 7
41850 5
41851 5
41855 5
41859 8
41864 4
41869 0
41870 3
41889 2
41892 2
41897 2
41905 0
41910 3
41912 6
41916 3
41918 0
41924 6
41930 3
41933 5
41936 5
41937 6
41945 7
41954 3
41958 7
41965 7
41966 5
41972 7
41983 7
41984 1
41985 9
41993 9
42003 5
42017 6
42018 5
42024 4
42025 7
42041 4
42046 4
42057 1
42058 2
42059 7
42060 8
42066 4
42068 9
42077 2
42079 1
42080 9
42090 6
42092 8
42096 7
42098 5
42108 8
42110 3
42114 8
42117 5
42118 9
42120 6
42123 0
42125 4
42131 3
42137 9
42138 2
42144 9
42148 9
42153 6
42160 8
42162 3
42166 6
42171 2
42173 5
42175 3
42181 1
42194 3
42201 8
42204 6
42217 1
42218 3
42220 5
42221 2
42223 7
42224 4
42226 5
42232 1
42234 7
42235 1
42241 5
42245 4
42250 1
42255 2
42256 3
42279 3
42287 9
42291 3
42295 7
42296 3
42306 5
42309 1
42320 2
42329 7
42337 7
42339 3
42354 5
42368 8
42369 0
42371 4
42374 1
42377 4
42378 1
42383 1
42386 7
42387 2
42401 1
42406 4
42407 5
42410 5
42418 9
42429 7
42433 1
42438 3
42440 5
42441 8
42446 1
42447 4
42454 1
42460 2
42463 6
42465 3
42466 4
42467 5
42470 5
42473 7
42487 2
42488 6
42491 8
42504 4
42505 0
42506 1
42508 6
42512 2
42513 4
42520 0
42521 8
42529 5
42532 7
42536 8
42539 0
42544 7
42545 2
42549 0
42555 7
42556 8
42558 6
42560 8
42567 2
42573 1
42581 7
42588 1
42593 4
42601 2
42603 5
42612 6
42619 6
42628 4
42631 6
42633 2
42635 8
42642 8
42646 7
42651 9
42655 5
42659 4
42665 4
42666 4
42680 2
42682 6
42695 4
42696 9
42698 9
42705 6
42707 7
42713 7
42714 3
42715 6
42719 9
42720 4
42725 9
42729 7
42731 4
42734 2
42741 5
42744 1
42746 5
42748 8
42762 2
42765 3
42768 5
42769 4
42771 4
42773 6
42775 8
42778 0
42788 4
42789 6
42791 0
42799 3
42801 7
42804 8
42805 2
42808 8
42809 1
42810 2
42812 4
42814 9
42828 1
42833 2
42837 8
42838 9
42839 3
42843 6
42847 8
42858 9
42859 9
42865 7
42869 1
42875 6
42879 5
42883 3
42887 3
42889 1
42892 4
42908 6
42911 1
42913 5
42916 1
42918 0
42926 7
42930 0
42941 6
42949 3
42964 3
42967 3
42970 4
42971 2
42972 7
42974 2
42977 1
42979 0
42980 3
42986 6
42994 8
43000 1
43010 4
43012 2
43014 7
43025 7
43040 1
43045 8
43047 1
43049 0
43054 1
43056 2
43067 5
43076 7
43079 3
43099 9
43102 8
43103 0
43104 7
43106 7
43108 1
43122 2
43128 5
43143 7
43152 0
43164 7
43166 3
43171 3
43172 9
43173 1
43175 1
43177 1
43180 7
43181 8
43189 5
43206 1
43212 5
43216 2
43229 2
43246 7
43253 3
43254 1
43264 0
43269 4
43285 8
43288 8
43291 2
43298 9
43303 3
43304 9
43315 6
43323 8
43333 9
43336 2
43341 3
43358 3
43359 1
43360 6
43366 2
43376 0
43388 8
43391 4
43402 3
43409 5
43410 7
43411 0
43417 2
43421 2
43422 1
43424 5
43429 3
43434 7
43438 7
43439 0
43443 7
43445 3
43473 6
43474 8
43478 2
43483 8
43487 4
43488 0
43494 9
43495 9
43501 9
43502 3
43506 3
43530 8
43531 3
43532 6
43537 2
43541 7
43549 6
43559 1
43566 0
43570 2
43571 6
43572 9
43574 8
43575 5
43580 1
43584 2
43587 0
43596 4
43599 7
43617 6
43631 7
43640 8
43646 8
43647 7
43659 9
43661 3
43683 9
43689 0
43693 9
43695 0
43703 6
43719 2
43731 2
43733 4
43735 1
43740 6
43741 4
43744 0
43761 5
43763 9
43772 6
43784 1
43789 1
43799 5
43801 6
43802 5
43804 7
43805 6
43810 6
43812 6
43814 6
43817 7
43835 4
43836 1
43844 1
43848 0
43869 6
43872 0
43874 1
43876 0
43877 5
43883 9
43890 9
43893 3
43897 1
43930 9
43931 9
43935 1
43939 1
43950 7
43953 3
43957 8
43962 3
43976 9
43991 1
43997 7
44000 0
44001 1
44006 2
44015 6
44016 1
44017 7
44021 9
44028 2
44033 0
44034 6
44036 6
44054 3
44067 9
44068 3
44073 5
44089 1
44092 6
44096 0
44100 3
44103 9
44123 8
44130 2
44139 5
44140 2
44146 7
44147 0
44171 2
44174 0
44182 4
44198 1
44200 1
44201 8
44209 7
44211 7
44212 6
44219 5
44222 4
44223 8
44230 5
44231 6
44234 0
44238 8
44246 2
44256 3
44259 1
44260 7
44263 4
44268 0
44279 8
44284 0
44294 9
44303 9
44307 5
44308 9
44315 0
44319 9
44322 3
44324 5
44331 6
44337 5
44340 3
44343 9
44352 6
44353 6
44357 4
44360 1
44362 0
44372 1
44375 1
44379 2
44381 4
44384 0
44385 8
44396 1
44399 5
44401 8
44410 5
44414 7
44417 7
44418 0
44420 5
44424 5
44430 6
44433 8
44440 5
44445 8
44450 2
44456 7
44463 4
44469 2
44473 1
44482 5
44506 6
44509 0
44512 3
44514 4
44516 8
44517 2
44522 5
44541 7
44550 6
44556 8
44557 4
44564 5
44566 1
44570 1
44571 9
44576 3
44589 6
44591 1
44602 5
44605 2
44620 2
44624 9
44628 0
44629 5
44646 7
44656 8
44657 4
44663 6
44665 8
44666 1
44672 4
44676 2
44685 6
44693 1
44699 6
44702 1
44711 9
44714 7
44723 4
44727 9
44728 9
44729 7
44732 5
44738 6
44741 5
44742 0
44743 1
44744 2
44764 6
44766 5
44782 9
44784 1
44787 2
44793 6
44796 6
44797 6
44801 1
44802 1
44808 2
44811 9
44815 4
44817 2
44822 8
44831 9
44833 8
44840 7
44841 4
44844 7
44848 2
44849 0
44856 5
44866 9
44867 4
44869 6
44872 2
44880 7
44883 9
44894 3
44900 2
44901 5
44905 3
44908 9
44910 5
44911 2
44942 3
44944 5
44945 4
44973 6
44975 4
44983 2
44986 0
44989 0
44995 9
45000 2
45006 4
45008 4
45020 0
45027 6
45032 6
45033 8
45038 9
45040 5
45044 5
45052 8
45053 8
45054 3
45063 2
45077 2
45078 9
45079 3
45083 6
45085 7
45095 4
45101 2
45103 7
45104 3
45112 8
45124 0
45128 2
45139 7
45140 1
45149 7
45150 5
45151 5
45152 9
45165 4
45173 6
45174 7
45175 0
45180 1
45186 1
45190 1
45197 6
45205 0
45209 8
45220 1
45223 8
45224 7
45226 0
45240 8
45242 9
45246 4
45254 9
45259 0
45260 8
45267 3
45274 3
45275 0
45283 4
45285 3
45290 4
45293 9
45294 1
45299 9
45301 8
45303 3
45305 0
45307 0
45312 2
45318 3
45325 2
45331 4
45332 7
45334 4
45335 3
45341 5
45347 8
45360 1
45365 4
45368 0
45371 6
45372 5
45382 7
45385 3
45391 0
45397 1
45403 1
45411 8
45414 7
45418 6
45421 7
45424 9
45425 4
45427 6
45435 3
45440 5
45442 8
45445 7
45458 9
45461 2
45465 0
45470 1
45479 8
45496 4
45500 6
45501 3
45507 5
45508 3
45511 5
45512 9
45516 7
45524 6
45534 2
45539 9
45548 9
45549 7
45551 9
45562 7
45566 2
45568 7
45579 8
45588 7
45591 9
45592 4
45594 4
45602 8
45604 8
45608 5
45611 5
45619 6
45622 6
45628 4
45641 4
45651 5
45665 9
45671 8
45678 0
45681 5
45685 5
45686 7
45691 3
45695 5
45697 6
45701 3
45706 2
45710 1
45717 7
45718 7
45722 3
45731 0
45737 3
45738 7
45748 3
45750 2
45751 7
45757 6
45760 9
45762 2
45768 7
45780 7
45785 0
45787 9
45793 8
45801 4
45803 4
45808 1
45810 1
45849 4
45853 7
45857 3
45859 0
45861 6
45865 2
45866 8
45867 9
45868 6
45874 7
45878 5
45881 7
45883 5
45891 8
45894 8
45895 7
45903 8
45908 4
45909 9
45913 1
45928 2
45941 0
45945 9
45948 2
45949 3
45952 1
45955 3
45973 2
45982 5
45983 8
45991 0
45994 3
45995 1
45996 1
46002 6
46007 9
46008 5
46014 2
46021 1
46022 5
46036 9
46041 2
46042 1
46049 3
46050 4
46053 6
46054 3
46062 7
46063 1
46064 1
46069 9
46074 1
46086 1
46090 5
46091 0
46097 4
46102 8
46103 7
46104 8
46114 7
46117 7
46122 3
46124 5
46126 4
46132 9
46139 8
46140 5
46145 2
46151 6
46152 1
46159 7
46161 4
46164 0
46173 4
46174 6
46176 6
46177 4
46189 5
46193 1
46218 8
46220 2
46237 8
46243 1
46245 2
46253 8
46256 8
46258 2
46259 9
46260 4
46263 9
46267 8
46269 4
46276 2
46289 4
46299 8
46303 2
46305 7
46306 9
46310 5
46316 3
46319 5
46321 9
46324 9
46328 6
46345 1
46348 6
46350 3
46353 5
46357 1
46364 7
46367 4
46370 3
46384 0
46385 2
46393 2
46405 8
46427 3
46434 5
46441 3
46443 4
46449 9
46465 2
46472 6
46483 2
46485 8
46495 0
46498 1
46500 8
46507 3
46509 0
46515 2
46524 0
46538 6
46540 9
46549 9
46551 1
46566 7
46569 7
46571 9
46573 0
46585 5
46586 7
46596 0
46598 3
46607 9
46610 9
46611 1
46612 0
46616 0
46623 5
46625 9
46635 2
46649 3
46650 9
46654 2
46658 0
46667 6
46670 3
46672 1
46676 5
46681 3
46702 7
46708 1
46713 6
46717 4
46718 0
46724 5
46728 8
46732 6
46741 4
46750 4
46751 1
46760 6
46761 7
46762 7
46766 5
46770 1
46772 3
46773 8
46777 0
46783 6
46786 4
46788 8
46797 1
46798 1
46812 6
46813 1
46814 7
46820 5
46822 3
46831 1
46837 8
46842 5
46843 1
46849 8
46857 8
46865 8
46866 4
46869 7
46874 8
46876 3
46879 3
46883 0
46887 7
46888 5
46889 7
46891 4
46894 4
46899 8
46901 4
46916 3
46917 7
46921 6
46929 9
46938 9
46948 2
46950 9
46951 0
46953 9
46957 8
46962 7
46966 5
46970 0
46971 3
46972 1
46977 7
46980 3
46986 9
46994 0
46995 8
47003 1
47010 3
47021 1
47034 2
47037 0
47038 9
47040 5
47050 3
47055 9
47058 3
47061 1
47062 6
47063 0
47073 8
47078 6
47083 3
47086 2
47087 5
47095 7
47106 4
47109 2
47110 1
47111 7
47117 3
47127 8
47142 1
47143 9
47164 5
47168 2
47176 6
47181 1
47192 0
47193 3
47198 7
47199 7
47203 6
47205 6
47210 7
47214 0
47217 9
47218 3
47219 6
47220 7
47227 2
47232 7
47234 6
47239 1
47242 8
47244 0
47245 4
47249 1
47251 4
47253 4
47258 3
47260 6
47261 5
47266 0
47272 1
47282 4
47283 1
47287 8
47288 1
47296 5
47297 3
47298 9
47300 9
47305 3
47306 3
47314 9
47318 5
47324 7
47328 4
47336 4
47341 3
47342 3
47343 0
47344 0
47346 6
47352 2
47354 6
47364 4
47370 9
47374 2
47375 2
47376 0
47380 7
47381 9
47386 4
47393 6
47394 2
47395 2
47397 6
47399 9
47400 8
47424 7
47425 4
47426 1
47438 5
47443 3
47445 1
47453 9
47455 1
47463 9
47469 1
47481 2
47486 1
47487 3
47499 6
47500 8
47509 6
47512 7
47517 1
47519 4
47520 5
47531 3
47534 4
47543 9
47545 0
47551 3
47554 1
47556 0
47560 4
47563 5
47565 7
47570 1
47574 3
47581 6
47583 7
47584 5
47585 0
47587 3
47598 5
47602 8
47604 6
47609 8
47619 4
47622 3
47623 0
47625 5
47627 6
47630 6
47637 1
47647 9
47655 3
47661 6
47671 7
47673 5
47675 6
47678 1
47679 7
47687 8
47695 8
47708 3
47713 5
47724 4
47729 3
47733 9
47735 5
47741 4
47744 6
47746 6
47754 5
47757 3
47765 1
47780 0
47790 6
47791 8
47802 9
47806 5
47807 9
47818 6
47823 1
47829 1
47830 3
47836 9
47838 3
47843 8
47849 4
47868 3
47872 0
47873 8
47879 9
47884 7
47887 8
47888 8
47897 7
47898 1
47900 4
47913 7
47920 1
47921 9
47924 0
47934 8
47942 4
47944 8
47951 4
47952 0
47964 2
47967 5
47968 0
47975 5
47977 4
47985 5
47986 1
47987 4
47989 2
47991 8
47992 9
47995 0
47999 1
48000 2
48006 4
48013 2
48016 1
48019 9
48020 8
48022 4
48025 0
48032 2
48038 1
48040 4
48044 1
48056 0
48063 5
48066 0
48067 5
48073 1
48074 0
48078 8
48081 4
48082 1
48092 7
48096 7
48109 4
48110 7
48113 0
48116 5
48119 6
48121 9
48123 5
48124 9
48126 1
48129 4
48133 7
48135 8
48146 9
48149 2
48156 5
48159 2
48162 0
48170 2
48172 3
48176 6
48178 4
48184 5
48186 9
48189 6
48190 5
48193 9
48195 3
48221 7
48223 3
48231 2
48233 3
48237 9
48238 3
48243 5
48245 2
48247 2
48253 3
48256 0
48263 0
48273 7
48292 5
48293 3
48309 3
48318 7
48324 3
48325 8
48328 7
48331 1
48333 1
48335 7
48337 2
48338 6
48339 5
48343 5
48352 0
48361 1
48365 7
48387 3
48389 1
48400 8
48404 7
48417 9
48423 2
48427 5
48429 5
48435 2
48451 4
48452 9
48455 5
48458 9
48462 2
48466 2
48469 9
48482 3
48487 8
48495 7
48505 7
48507 2
48508 4
48509 7
48514 2
48531 8
48532 9
48534 5
48538 8
48543 2
48547 3
48551 6
48553 5
48557 6
48564 2
48570 8
48575 9
48591 0
48592 7
48598 7
48606 1
48613 5
48619 4
48622 6
48626 0
48629 9
48635 4
48636 8
48639 0
48640 7
48641 4
48655 6
48656 2
48657 5
48664 9
48668 4
48669 0
48678 3
48680 0
48686 5
48687 8
48689 1
48697 4
48701 5
48706 8
48707 8
48714 7
48717 6
48718 5
48726 3
48728 2
48729 9
48731 9
48736 7
48751 8
48752 9
48763 5
48767 3
48768 6
48770 3
48772 7
48775 4
48778 4
48780 2
48798 4
48800 9
48804 8
48805 3
48809 3
48818 0
48820 0
48824 4
48830 3
48832 7
48836 2
48840 1
48844 4
48848 4
48854 8
48857 2
48888 7
48893 2
48906 1
48910 8
48923 0
48924 7
48928 7
48929 0
48931 6
48933 3
48941 0
48945 8
48947 7
48951 2
48953 5
48964 1
48965 1
48968 1
48970 7
48980 2
48982 0
48984 5
48988 9
48991 3
49012 5
49013 1
49014 6
49018 5
49029 1
49032 5
49034 6
49035 8
49036 7
49047 3
49053 4
49056 9
49057 8
49059 2
49061 4
49062 3
49063 6
49068 6
49088 7
49092 9
49095 4
49108 3
49113 9
49114 6
49118 7
49126 5
49129 7
49131 2
49139 3
49144 6
49148 0
49150 6
49152 9
49157 1
49163 5
49164 2
49167 5
49169 6
49171 0
49173 1
49182 1
49185 9
49194 7
49195 6
49198 2
49206 7
49210 5
49214 1
49227 8
49229 1
49240 6
49241 3
49245 6
49250 1
49251 5
49255 0
49261 0
49262 5
49274 1
49275 1
49278 8
49282 6
49299 0
49305 7
49307 5
49309 1
49311 6
49312 6
49313 7
49315 4
49321 8
49334 9
49336 1
49348 2
49350 0
49356 3
49364 6
49367 5
49369 0
49371 7
49381 0
49390 3
49393 6
49398 8
49413 3
49414 6
49415 6
49425 0
49430 4
49434 2
49441 2
49445 9
49450 2
49453 6
49464 7
49469 7
49471 4
49475 7
49476 6
49480 8
49482 0
49487 4
49492 0
49498 8
49504 8
49509 8
49511 2
49512 1
49514 2
49516 3
49517 4
49521 2
49528 9
49533 9
49534 4
49535 1
49548 8
49550 7
49554 9
49555 8
49559 4
49565 0
49577 9
49594 8
49597 2
49604 1
49606 9
49607 2
49608 9
49610 0
49619 2
49621 5
49623 8
49628 9
49629 4
49633 2
49636 3
49638 8
49651 7
49653 8
49654 3
49656 2
49670 4
49675 1
49676 2
49681 9
49682 9
49685 6
49687 4
49691 8
49695 1
49697 7
49699 4
49703 5
49715 1
49716 7
49717 9
49725 6
49727 9
49737 9
49743 5
49750 0
49751 1
49752 4
49769 8
49773 3
49786 6
49791 7
49797 0
49798 2
49811 2
49813 2
49821 8
49822 1
49823 4
49827 4
49834 1
49836 7
49837 1
49839 5
49841 3
49844 1
49848 9
49851 3
49853 3
49859 4
49861 9
49867 7
49869 1
49871 2
49873 9
49877 4
49879 6
49880 1
49891 3
49896 5
49902 2
49903 1
49905 9
49907 3
49917 0
49918 9
49928 0
49929 4
49935 9
49936 7
49949 5
49951 7
49954 3
49959 9
49960 9
49964 9
49971 8
49972 9
49981 4
49983 3
49988 4
49992 1
49996 9
49998 5
